9.469123678585870119e-01
8.256599849806481872e-01
8.229449482987695186e-01
8.506729824966784426e-01
9.889665530587488096e-01
9.597943504130321823e-01
7.197735543873837738e-01
8.405638033620241867e-01
8.999480099358788676e-01
9.583501819652244791e-01
9.647622898734908858e-01
8.871237941193460541e-01
9.246144070244353141e-01
9.584657154410490820e-01
9.632603546877708256e-01
9.976315637455952512e-01
9.760845705043036391e-01
9.811680434405869455e-01
9.158338628617641586e-01
8.750505458956733262e-01
9.844607475015886289e-01
9.390560915025129018e-01
9.700768297614233981e-01
8.721622090000578087e-01
9.628559875223846598e-01
7.536248628039974307e-01
9.704234301888972070e-01
7.472705216336433809e-01
9.381895904338282133e-01
9.521691410086072782e-01
9.790306741378314026e-01
9.264629426376292942e-01
8.387152677488302066e-01
8.410259372653225984e-01
9.048581826584253252e-01
9.921437236439257790e-01
9.394026919299867107e-01
8.676564034428976280e-01
9.681705274103171721e-01
8.814626538039397330e-01
9.121700075096761395e-01
