50000
0.945596633604
0.828424005611
0.81529906823
0.841799418896
0.987275824066
0.957769762549
0.705590622182
0.837190662258
0.891243362389
0.94955415289
0.958921951708
0.8836288949
0.925007514277
0.950856627592
0.960875663761
0.995541528905
0.965885181846
0.980963831279
0.907724676886
0.872958621381
0.974802124036
0.931569982968
0.966536419196
0.869001102094
0.959172427612
0.731289449955
0.967438132452
0.773720068129
0.936579501052
0.944594729987
0.976455265004
0.923805229937
0.828624386334
0.834235046589
0.901362588919
0.989029155395
0.931469792606
0.864442440637
0.961927662559
0.877316902114
0.90763701032

60000
0.945997395051
0.832381524897
0.815649734496
0.846959222523
0.988227632502
0.958972046889
0.711251377617
0.833483618876
0.895751928664
0.957068430017
0.961576996293
0.877968139465
0.921701232341
0.95250976856
0.961226330027
0.995741909628
0.97269812644
0.981214307184
0.909578198577
0.873108906923
0.978208596333
0.935828073339
0.967738703537
0.87175633704
0.960725378219
0.748371906623
0.969492034866
0.77377016331
0.93647931069
0.94895301072
0.977557358982
0.92816351067
0.833934475503
0.836539424907
0.903666967238
0.990381725278
0.940386734796
0.866646628594
0.962478709548
0.878669471997
0.910070383729

70000
0.945145776976
0.83137962128
0.818104398357
0.846458270714
0.9869251578
0.95902214207
0.711000901713
0.831028955015
0.896803927462
0.956817954113
0.960775473399
0.881925658752
0.921200280533
0.950205390241
0.961276425208
0.995992385533
0.972397555355
0.980512974652
0.909628293758
0.872607955115
0.978759643322
0.937180643222
0.968189560164
0.872607955115
0.960675283038
0.748321811442
0.968740607154
0.77437130548
0.937831880573
0.947550345657
0.976605550546
0.926059513075
0.833233142972
0.837741709248
0.902314397355
0.990131249374
0.940436829977
0.867347961126
0.962328424006
0.878218615369
0.909946398156

80000
0.945446348061
0.830327622483
0.818254683899
0.845456367097
0.988227632502
0.958871856527
0.709898807735
0.818605350165
0.895902214207
0.957869952911
0.959573189059
0.881675182847
0.922653040777
0.949854723976
0.959823664963
0.996042480713
0.972397555355
0.980012022843
0.909778579301
0.872557859934
0.978158501152
0.934375313095
0.967237751728
0.872157098487
0.960424807134
0.747219717463
0.967388037271
0.774020639215
0.936679691414
0.951407674582
0.976405169823
0.925057609458
0.827472197175
0.83548742611
0.902464682898
0.990732391544
0.936228834786
0.867047390041
0.961677186655
0.878669471997
0.909088518185

90000
0.945746919146
0.831980763451
0.814397354974
0.844654844204
0.988628393949
0.958721570985
0.707694619778
0.824867247771
0.89610259493
0.957068430017
0.961476805931
0.88478108406
0.917342951608
0.952008816752
0.960975854123
0.995641719267
0.972497745717
0.981314497545
0.90972848412
0.87175633704
0.979110309588
0.934725979361
0.967037371005
0.872607955115
0.96137661557
0.738302775273
0.967388037271
0.776525398257
0.93587816852
0.948301773369
0.976956216812
0.925358180543
0.824616771867
0.832932571887
0.903566776876
0.990431820459
0.936178739605
0.868049293658
0.961827472197
0.875814046689
0.908859332732

100000
0.944845205891
0.832632000802
0.815198877868
0.844704939385
0.987676585512
0.958020238453
0.708195571586
0.826370103196
0.894950405771
0.956216811943
0.960675283038
0.882677086464
0.922502755235
0.946297966136
0.958370904719
0.99584209999
0.971145175834
0.980012022843
0.909578198577
0.871906622583
0.978459072237
0.934325217914
0.967237751728
0.871455765955
0.96082556858
0.747921049995
0.968640416792
0.768510169322
0.936379120329
0.949203486625
0.976655645727
0.925458370905
0.82957619477
0.834635808035
0.90321611061
0.990231439735
0.937130548041
0.868600340647
0.962829375814
0.873359382827
0.90881174231
