50000
0.945245967338
0.829676385132
0.81534916341
0.84741007915
0.987125538523
0.957970143272
0.704338242661
0.836138663461
0.894950405771
0.954613766156
0.960725378219
0.886885081655
0.923003707043
0.951608055305
0.961025949304
0.995741909628
0.964883278229
0.980512974652
0.910880673279
0.872658050296
0.976405169823
0.930267508266
0.966386133654
0.867247770764
0.960174331229
0.743412483719
0.967788798718
0.773118925959
0.934425408276
0.947951107103
0.976605550546
0.92696122633
0.825318104398
0.834535617674
0.902214206993
0.990381725278
0.925257990181
0.864091774371
0.963630898708
0.880823564773
0.908443542731

60000
0.946748822763
0.830377717664
0.821360585112
0.850315599639
0.988227632502
0.958170523996
0.710249474001
0.837791804428
0.8990582106
0.957369001102
0.960925758942
0.879120328624
0.922302374512
0.955114717964
0.961025949304
0.99644324216
0.971345556557
0.980462879471
0.911682196173
0.874762047891
0.97921049995
0.935176835988
0.967788798718
0.872958621381
0.961326520389
0.750275523495
0.969241558962
0.774671876565
0.935226931169
0.950956817954
0.977908025248
0.928664462479
0.832732191163
0.83548742611
0.901913635908
0.991032962629
0.94118825769
0.865444344254
0.967137561367
0.88423003707
0.910885682797

70000
0.946297966136
0.829375814047
0.822713154994
0.850465885182
0.987977156598
0.957920048091
0.711752329426
0.833383428514
0.899258591324
0.958621380623
0.961176234846
0.886033463581
0.921751327522
0.954413385432
0.962628995091
0.996393146979
0.972247269813
0.980162308386
0.911030958822
0.873108906923
0.978709548141
0.934475503457
0.967788798718
0.872708145476
0.962428614367
0.751978759643
0.969892796313
0.776174731991
0.936429215509
0.951107103497
0.977657549344
0.927762749224
0.832431620078
0.835938282737
0.900160304579
0.991133152991
0.940336639615
0.865694820158
0.966285943292
0.883979561166
0.910994639816

80000
0.94654844204
0.831580002004
0.820559062218
0.850515980363
0.98812744214
0.958921951708
0.71200280533
0.826219817654
0.896302975654
0.958771666166
0.959923855325
0.880823564773
0.924105801022
0.953812243262
0.959923855325
0.996393146979
0.971846508366
0.980813545737
0.912433623885
0.872457669572
0.97740707344
0.937681595031
0.967638513175
0.873108906923
0.961276425208
0.751828474101
0.967688608356
0.776174731991
0.935176835988
0.952409578199
0.977206692716
0.926109608256
0.8289750526
0.832431620078
0.902715158802
0.991333533714
0.935777978159
0.866346057509
0.965334134856
0.879771565975
0.910211902615

90000
0.945646728785
0.830828574291
0.820358681495
0.849413886384
0.988828774672
0.957068430017
0.7126039475
0.830027051398
0.898056306983
0.957168620379
0.960875663761
0.884029656347
0.922903516682
0.954713956517
0.958871856527
0.996142671075
0.97209698427
0.98101392646
0.91153191063
0.870804528604
0.979561166216
0.937431119126
0.967888989079
0.873008716561
0.96137661557
0.748722572888
0.96793908426
0.775824065725
0.935477407073
0.952259292656
0.977106502354
0.926059513075
0.82481715259
0.829075242962
0.90201382627
0.990832581906
0.936178739605
0.867448151488
0.966235848111
0.879320709348
0.910039074241

100000
0.946247870955
0.832231239355
0.819757539325
0.850065123735
0.988077346959
0.958170523996
0.71080052099
0.833834285142
0.899509067228
0.955816050496
0.961025949304
0.883678990081
0.924706943192
0.95190862639
0.961476805931
0.996142671075
0.971095080653
0.980563069833
0.911582005811
0.870704338243
0.97860935778
0.936078549244
0.966937180643
0.87230738403
0.96082556858
0.752129045186
0.970043081856
0.775122733193
0.935577597435
0.952058911933
0.977356978259
0.924957419096
0.831880573089
0.836839995992
0.903767157599
0.990682296363
0.940136258892
0.867097485222
0.965233944495
0.879721470795
0.910618925959
