60000
0.949353772167
0.833333333333
0.821360585112
0.851267408075
0.989830678289
0.962328424006
0.716010419798
0.843502655045
0.899308686504
0.960074140868
0.961076044485
0.888588317804
0.929015128745
0.958070333634
0.965183849314
0.996894098788
0.976505360184
0.983318304779
0.916541428715
0.876765855125
0.981514878269
0.939134355275
0.968940987877
0.874762047891
0.963330327622
0.753080853622
0.970343652941
0.778278729586
0.940486925158
0.953611862539
0.978859833684
0.92871455766
0.839545135758
0.841999799619
0.910279531109
0.990732391544
0.945195872157
0.866696723775
0.966786895101
0.885883178038
0.9139126841
