60000
0.949303676986
0.838142470694
0.822963630899
0.849714457469
0.990782486725
0.961927662559
0.717663560765
0.844654844204
0.899108305781
0.962228233644
0.962027852921
0.892044885282
0.927161607053
0.957769762549
0.964332231239
0.996894098788
0.976655645727
0.983568780683
0.915639715459
0.875413285242
0.983168019237
0.939034164913
0.969091273419
0.874461476806
0.962077948101
0.750626189761
0.970493938483
0.776224827172
0.939985973349
0.954663861337
0.979561166216
0.930718364893
0.840997896002
0.843051798417
0.909427913035
0.991533914437
0.943793207093
0.86519386835
0.967538322813
0.885181845506
0.9141205791
