50000
0.944093778179
0.828524195972
0.816300971847
0.838793708045
0.989129345757
0.955064622783
0.705089670374
0.825167818856
0.892345456367
0.94539625288
0.958671475804
0.88002204188
0.922302374512
0.947951107103
0.957869952911
0.995090672277
0.97209698427
0.981214307184
0.907023344354
0.869502053902
0.977557358982
0.932672076946
0.966636609558
0.867398056307
0.959573189059
0.73634906322
0.96673679992
0.769762548843
0.935928263701
0.946097585412
0.977857930067
0.925107704639
0.829826670674
0.834585712854
0.899158400962
0.989780583108
0.931970744414
0.862939585212
0.962528804729
0.879070233444
0.907079701433

60000
0.945696823966
0.832231239355
0.816100591123
0.847309888789
0.988377918044
0.958320809538
0.713455565575
0.83433523695
0.893647931069
0.956317002304
0.960575092676
0.868399959924
0.921751327522
0.952760244464
0.959923855325
0.996092575894
0.97209698427
0.981765354173
0.908375914237
0.872808335838
0.979060214407
0.933824266106
0.967888989079
0.871305480413
0.959573189059
0.740857629496
0.968640416792
0.765604648833
0.935026550446
0.947249774572
0.978158501152
0.924807133554
0.832030858631
0.833183047791
0.901562969642
0.990632201182
0.940587115519
0.863490632201
0.963230137261
0.879170423805
0.908905670774

70000
0.944244063721
0.832080953812
0.816351067027
0.846608556257
0.987426109608
0.957469191464
0.712453661958
0.831079050195
0.894599739505
0.95781985773
0.960474902314
0.877116521391
0.922001803427
0.951808436028
0.961877567378
0.996042480713
0.971596032462
0.98101392646
0.90797515279
0.870503957519
0.978709548141
0.932772267308
0.967688608356
0.871405670774
0.960024045687
0.74226029456
0.969391844505
0.768910930768
0.934876264903
0.945646728785
0.977908025248
0.924105801022
0.827121530909
0.831429716461
0.901312493738
0.989980963831
0.941689209498
0.862488728584
0.962879470995
0.877266806933
0.908710299569

80000
0.945596633604
0.83193066827
0.816701733293
0.846708746619
0.988177537321
0.958821761347
0.71320508967
0.819957920048
0.893297264803
0.957068430017
0.958921951708
0.870453862338
0.922252279331
0.951207293858
0.960174331229
0.996292956618
0.973399458972
0.980062118024
0.909327722673
0.870854623785
0.977958120429
0.931369602244
0.968590321611
0.870053100892
0.960074140868
0.742911531911
0.968590321611
0.762999699429
0.934475503457
0.948151487827
0.978108405971
0.923705039575
0.827321911632
0.83193066827
0.900611161206
0.990231439735
0.936980262499
0.86344053702
0.962228233644
0.877216711752
0.908034014628

90000
0.944394349264
0.831830477908
0.813996593528
0.843652940587
0.988377918044
0.958671475804
0.706442240256
0.823264201984
0.892195170825
0.956166716762
0.96022442641
0.873760144274
0.918495140767
0.953862338443
0.960575092676
0.996242861437
0.97329926861
0.982065925258
0.908826770865
0.869451958722
0.97921049995
0.931870554053
0.968089369803
0.869702434626
0.957970143272
0.73219116321
0.96854022643
0.766756837992
0.935327121531
0.942941589019
0.97800821561
0.923454563671
0.821160204388
0.82601943693
0.900561066025
0.990281534916
0.933974551648
0.862338443042
0.961526901112
0.876565474401
0.907057158601

100000
0.945646728785
0.830878669472
0.815248973049
0.84144875263
0.988227632502
0.957068430017
0.708045286043
0.818555254984
0.892796312995
0.956417192666
0.961126139665
0.87531309488
0.921951708246
0.950455866146
0.960575092676
0.996292956618
0.971696222823
0.981514878269
0.909377817854
0.867297865945
0.978208596333
0.932421601042
0.968189560164
0.866796914137
0.958921951708
0.738753631901
0.969241558962
0.759442941589
0.934876264903
0.943793207093
0.977657549344
0.921751327522
0.827522292355
0.830077146578
0.901963731089
0.989830678289
0.937581404669
0.862588918946
0.963380422803
0.873459573189
0.907159853722
