50000
0.944895301072
0.816100591123
0.8159002104
0.842550846609
0.98872858431
0.955816050496
0.6888087366
0.836339044184
0.829926861036
0.956467287847
0.952559863741
0.88423003707
0.920899709448
0.955415289049
0.964131850516
0.995090672277
0.971596032462
0.98101392646
0.911231339545
0.868850816551
0.977507263801
0.933523695021
0.968940987877
0.866646628594
0.960124236048
0.745566576495
0.968089369803
0.775323113916
0.930868650436
0.948702534816
0.97740707344
0.924857228735
0.824967438132
0.781585011522
0.901963731089
0.990031059012
0.939084260094
0.862087967138
0.956216811943
0.857529305681
0.90428939986

60000
0.946247870955
0.813044785092
0.816000400761
0.843602845406
0.989580202385
0.956918144475
0.708045286043
0.825568580303
0.838443041779
0.956367097485
0.957669572187
0.876264903316
0.920749423905
0.954513575794
0.961526901112
0.995641719267
0.97445145777
0.982266305981
0.91388638413
0.870654243062
0.978408977056
0.935427311893
0.968089369803
0.871856527402
0.95962328424
0.742009818655
0.966386133654
0.77437130548
0.934876264903
0.952459673379
0.977206692716
0.925809037171
0.829726480313
0.780182346458
0.903717062419
0.990231439735
0.941488828775
0.862087967138
0.958871856527
0.872207193668
0.905662007815

70000
0.946197775774
0.818805730889
0.816150686304
0.844153892396
0.989480012023
0.957869952911
0.706692716161
0.82421601042
0.84084761046
0.956517383028
0.958821761347
0.880522993688
0.918745616672
0.951858531209
0.962628995091
0.995391243362
0.974902314397
0.982216210801
0.912884480513
0.870103196073
0.979611261397
0.936028454063
0.968039274622
0.869902815349
0.959673379421
0.742811341549
0.963280232442
0.77377016331
0.932521791404
0.951608055305
0.97800821561
0.925207895001
0.830928764653
0.797715659754
0.903266205791
0.989680392746
0.942540827572
0.862087967138
0.960374711953
0.866095581605
0.906054002605

80000
0.945847109508
0.81474802124
0.81469792606
0.844354273119
0.988928965034
0.957769762549
0.706542430618
0.809287646528
0.846508365895
0.956717763751
0.960725378219
0.879821661156
0.92039875764
0.951758340848
0.961025949304
0.995691814447
0.974601743312
0.982116020439
0.912583909428
0.868399959924
0.97800821561
0.934876264903
0.969191463781
0.868299769562
0.960274521591
0.740156296964
0.966686704739
0.767758741609
0.934275122733
0.951557960124
0.977757739705
0.924506562469
0.830528003206
0.782586915139
0.902414587717
0.989980963831
0.938132451658
0.862087967138
0.95962328424
0.865594629797
0.904920599138

90000
0.945696823966
0.82065925258
0.816751828474
0.839995992386
0.989029155395
0.957318905921
0.710099188458
0.809187456167
0.839945897205
0.956367097485
0.959723474602
0.879871756337
0.915389239555
0.954663861337
0.961076044485
0.995792004809
0.974100791504
0.982116020439
0.910730387737
0.868951006913
0.978158501152
0.933673980563
0.968039274622
0.8705540527
0.959573189059
0.740857629496
0.968389940888
0.771766356077
0.936278929967
0.950806532412
0.977206692716
0.922101993788
0.829926861036
0.771716260896
0.90321611061
0.990081154193
0.939134355275
0.862037871957
0.960174331229
0.864943392446
0.904652589921

100000
0.945296062519
0.820759442942
0.813996593528
0.83849313696
0.989730487927
0.95726881074
0.710700330628
0.821310489931
0.830227432121
0.955265003507
0.959873760144
0.877617473199
0.918745616672
0.950906722773
0.961877567378
0.995591624086
0.97445145777
0.982366496343
0.911131149183
0.86759843703
0.978258691514
0.933173028755
0.967888989079
0.864392345456
0.960174331229
0.738002204188
0.966235848111
0.765153792205
0.934325217914
0.951207293858
0.977106502354
0.923254182948
0.830528003206
0.795060615169
0.901312493738
0.990031059012
0.937531309488
0.862037871957
0.959573189059
0.867999198477
0.904661356577
