60000
0.94950405771
0.836539424907
0.82065925258
0.852319406873
0.99048191564
0.961126139665
0.715910229436
0.845356176736
0.898958020238
0.961777377016
0.962077948101
0.890892696123
0.926259893798
0.958821761347
0.96498346859
0.996643622883
0.97625488428
0.983418495141
0.916741809438
0.876715759944
0.983568780683
0.939084260094
0.969191463781
0.874912333434
0.963079851718
0.751978759643
0.97029355776
0.77847911031
0.940336639615
0.953311291454
0.979961927663
0.929566175734
0.84084761046
0.841999799619
0.909528103396
0.990832581906
0.943442540828
0.866546438233
0.967187656547
0.883979561166
0.914089269612
