60000
0.949103296263
0.837491233343
0.822713154994
0.849263600842
0.989980963831
0.962027852921
0.714958421
0.84385332131
0.899008115419
0.961576996293
0.961627091474
0.890892696123
0.926309988979
0.958571285442
0.965284039675
0.996743813245
0.975503456567
0.983318304779
0.915589620279
0.876365093678
0.98216611562
0.939835687807
0.968991083058
0.873159002104
0.963680993888
0.750425809037
0.969441939685
0.776775874161
0.940987876966
0.95250976856
0.979260595131
0.932271315499
0.842250275523
0.840496944194
0.909227532311
0.991533914437
0.94419396854
0.866446247871
0.966937180643
0.884380322613
0.913878869853
