
50000
0.944294158902
0.831479811642
0.820609157399
0.847860935778
0.988027251778
0.956868049294
0.707945095682
0.840296563471
0.893297264803
0.953712052901
0.961025949304
0.885632702134
0.924456467288
0.951658150486
0.960625187857
0.996393146979
0.96793908426
0.977807834886
0.909528103396
0.87350966837
0.976755836089
0.927111511873
0.964031660154
0.866596533413
0.95962328424
0.741007915039
0.967087466186
0.764953411482
0.936329025148
0.946197775774
0.976605550546
0.926059513075
0.824867247771
0.830127241759
0.899258591324
0.989730487927
0.936729786595
0.86579501052
0.96082556858
0.874661857529
0.908183047791

60000
0.946448251678
0.834285141769
0.817803827272
0.848862839395
0.988578298768
0.957018334836
0.715309087266
0.839845706843
0.895601643122
0.957619477006
0.962077948101
0.879721470795
0.922753231139
0.955315098688
0.960625187857
0.995892195171
0.972497745717
0.981114116822
0.912634004609
0.87350966837
0.978960024046
0.93587816852
0.967187656547
0.872407574391
0.961076044485
0.748071335538
0.968840797515
0.774822162108
0.937330928765
0.950556056507
0.977607454163
0.926460274522
0.832782286344
0.834986474301
0.901562969642
0.990532010821
0.938633403467
0.86754834185
0.964582707144
0.879571185252
0.910672778279

70000
0.946949203487
0.830578098387
0.818555254984
0.849113315299
0.987676585512
0.955765955315
0.712854423404
0.835236950205
0.896503356377
0.957920048091
0.962829375814
0.885732892496
0.922903516682
0.951257389039
0.960124236048
0.996192766256
0.971245366196
0.981264402364
0.911882576896
0.874160905721
0.978709548141
0.936128644424
0.965885181846
0.872107003306
0.960424807134
0.746718765655
0.969041178239
0.775824065725
0.938082356477
0.949053201082
0.977206692716
0.92636008416
0.829476004408
0.839194469492
0.902114016632
0.98993086865
0.93763149985
0.868049293658
0.963230137261
0.879521090071
0.910335888188

80000
0.947400060114
0.832932571887
0.820258491133
0.847660555055
0.988628393949
0.957519286645
0.712954613766
0.824416391143
0.894198978058
0.958020238453
0.961126139665
0.883879370805
0.923204087767
0.951357579401
0.959372808336
0.995992385533
0.973750125238
0.980262498748
0.915289049193
0.873810239455
0.977557358982
0.934776074542
0.967738703537
0.872708145476
0.960324616772
0.749874762048
0.968089369803
0.772267307885
0.936529405871
0.949303676986
0.977356978259
0.925007514277
0.830277527302
0.836489329726
0.903015729887
0.990682296363
0.932171125138
0.868900911732
0.963330327622
0.877918044284
0.909908826771

90000
0.947349964933
0.828023244164
0.814096783889
0.843652940587
0.988878869853
0.958120428815
0.71080052099
0.828624386334
0.895451357579
0.956817954113
0.96197775774
0.883278228634
0.916591523895
0.952860434826
0.95962328424
0.996343051798
0.974200981866
0.981314497545
0.910079150386
0.871205290051
0.979460975854
0.934024646829
0.968590321611
0.870854623785
0.961276425208
0.742661056006
0.968389940888
0.772467688608
0.936729786595
0.949153391444
0.978358881876
0.925708846809
0.82421601042
0.828524195972
0.902114016632
0.990932772267
0.936379120329
0.868650435828
0.962428614367
0.879420899709
0.908990832582

100000
0.946297966136
0.830477908025
0.816050495942
0.846708746619
0.988628393949
0.954313195071
0.710650235447
0.831028955015
0.896002404569
0.956016431219
0.962178138463
0.885732892496
0.922352469692
0.950155295061
0.959523093878
0.996192766256
0.9714958421
0.981064021641
0.909628293758
0.870103196073
0.979260595131
0.933573790201
0.968089369803
0.870353671977
0.960875663761
0.749924857229
0.969842701132
0.768510169322
0.935828073339
0.949954914337
0.977557358982
0.925358180543
0.830227432121
0.836839995992
0.903516681695
0.990381725278
0.935427311893
0.868099388839
0.963330327622
0.874762047891
0.909407874962
