60000
60000
0.948251678189
0.834385332131
0.823514677888
0.851367598437
0.989680392746
0.962328424006
0.716411181244
0.841899609258
0.90021039976
0.96137661557
0.961627091474
0.89014126841
0.929115319106
0.958921951708
0.964883278229
0.996643622883
0.976605550546
0.983168019237
0.915589620279
0.877316902114
0.981665163811
0.940236449254
0.968991083058
0.873359382827
0.962428614367
0.754283137962
0.970944795111
0.778629395852
0.939835687807
0.955164813145
0.979010119227
0.929816651638
0.838242661056
0.842450656247
0.909878769662
0.990732391544
0.944945396253
0.867097485222
0.967087466186
0.885131750326
0.914084260094
