50000
0.943542731189
0.732391543933
0.809738503156
0.840096182747
0.983618875864
0.924356276926
0.684550646228
0.839545135758
0.855926259894
0.935928263701
0.949854723976
0.870654243062
0.914387335938
0.954363290251
0.963680993888
0.994539625288
0.969892796313
0.97740707344
0.900510970845
0.868900911732
0.978058310791
0.917092475704
0.967287846909
0.865294058712
0.962228233644
0.718465083659
0.963280232442
0.767307884981
0.92340446849
0.949954914337
0.977356978259
0.922452660054
0.806832982667
0.719667367999
0.863891393648
0.984620779481
0.933724075744
0.862087967138
0.959573189059
0.791253381425
0.893693016732

60000
0.948151487827
0.745065624687
0.817603446548
0.838893898407
0.98517182647
0.923103897405
0.690061116121
0.845406271917
0.863290251478
0.917192666066
0.953561767358
0.883578799719
0.92455665765
0.954363290251
0.960575092676
0.995992385533
0.971696222823
0.978358881876
0.887035367198
0.861386634606
0.979561166216
0.926159703437
0.967137561367
0.868399959924
0.961576996293
0.716511371606
0.96022442641
0.768159503056
0.927311892596
0.94714958421
0.978809738503
0.901512874461
0.817152589921
0.722973649935
0.855525498447
0.98812744214
0.936679691414
0.862087967138
0.959873760144
0.820458871857
0.895260995892

70000
0.947901011923
0.759793607855
0.8159002104
0.836739805631
0.985672778279
0.918394950406
0.696323013726
0.843703035768
0.86995291053
0.913084861236
0.957569381825
0.880372708145
0.920949804629
0.954713956517
0.962077948101
0.995541528905
0.971545937281
0.978559262599
0.884931369602
0.851918645426
0.979911832482
0.925207895001
0.967838893898
0.866145676786
0.961927662559
0.714307183649
0.958521190261
0.765704839194
0.926560464883
0.945847109508
0.977757739705
0.904919346759
0.819757539325
0.726179741509
0.854874261096
0.988428013225
0.934475503457
0.862087967138
0.963029756537
0.819406873059
0.89521340547

80000
0.947850916742
0.743612864442
0.817653541729
0.837992185152
0.984220018034
0.915389239555
0.696523394449
0.843552750225
0.872708145476
0.91508866847
0.956817954113
0.885582606953
0.922452660054
0.952960625188
0.960775473399
0.995591624086
0.970994890292
0.977958120429
0.872507764753
0.860935777978
0.978509167418
0.927111511873
0.967588417994
0.86935176836
0.962077948101
0.714407374011
0.960975854123
0.768510169322
0.928564272117
0.948552249274
0.978108405971
0.909678388939
0.819156397155
0.723224125839
0.858982065925
0.987726680693
0.936278929967
0.862087967138
0.963330327622
0.815148782687
0.895263500651

90000
0.946899108306
0.749373810239
0.817553351368
0.834836188759
0.985873159002
0.916942190161
0.698777677587
0.84385332131
0.871205290051
0.92220218415
0.955565574592
0.887937080453
0.924456467288
0.955315098688
0.961276425208
0.995291053001
0.972046889089
0.978258691514
0.872006812945
0.855926259894
0.979661356577
0.926911131149
0.967838893898
0.870453862338
0.960474902314
0.715609658351
0.959873760144
0.762699128344
0.929766556457
0.948401963731
0.97860935778
0.899158400962
0.818956016431
0.703737100491
0.861536920148
0.98872858431
0.936429215509
0.862087967138
0.963480613165
0.816801923655
0.894920348662

100000
0.94775072638
0.750325618675
0.816801923655
0.832782286344
0.985622683098
0.919196473299
0.701583007715
0.843552750225
0.867398056307
0.919296663661
0.955365193868
0.885782987677
0.920849614267
0.955214908326
0.963530708346
0.995491433724
0.971996793908
0.978509167418
0.879671375614
0.861837491233
0.979410880673
0.922051898607
0.967888989079
0.870053100892
0.961076044485
0.711000901713
0.959523093878
0.767608456067
0.928814748021
0.947049393848
0.978108405971
0.905320108206
0.822162108005
0.723624887286
0.856076545436
0.989279631299
0.937280833584
0.862087967138
0.964432421601
0.825869151388
0.895781985773
