50000
0.942590922753
0.829325718866
0.817603446548
0.841398657449
0.987275824066
0.956367097485
0.701132151087
0.822763250175
0.89074241058
0.94479511071
0.960024045687
0.878569281635
0.925257990181
0.951457769763
0.959973950506
0.995641719267
0.97029355776
0.979460975854
0.902414587717
0.867047390041
0.977607454163
0.932121029957
0.965985372207
0.867798817754
0.958621380623
0.71971746318
0.968139464983
0.764753030758
0.933323314297
0.943342350466
0.976805931269
0.922653040777
0.829926861036
0.837591423705
0.895200881675
0.990081154193
0.934876264903
0.862889490031
0.962328424006
0.874962428614
0.906071535918

60000
0.945797014327
0.831479811642
0.813896403166
0.841098086364
0.988227632502
0.956717763751
0.707394048693
0.832632000802
0.895601643122
0.956868049294
0.960524997495
0.870904718966
0.92340446849
0.952810339645
0.960024045687
0.995691814447
0.972848411983
0.980512974652
0.909227532311
0.870103196073
0.979060214407
0.932722172127
0.967588417994
0.873359382827
0.960575092676
0.73810239455
0.967788798718
0.765905219918
0.934876264903
0.949403867348
0.977557358982
0.924306181745
0.833483618876
0.83433523695
0.901512874461
0.990231439735
0.937230738403
0.863941488829
0.962679090272
0.878970043082
0.908484871255

70000
0.943793207093
0.830277527302
0.815148782687
0.840046087566
0.987876966236
0.956767858932
0.706993287246
0.828323815249
0.894249073239
0.956617573389
0.959873760144
0.875062618976
0.919597234746
0.949754533614
0.960625187857
0.995491433724
0.972247269813
0.980112213205
0.905670774471
0.870253481615
0.978559262599
0.932571886585
0.967989179441
0.872107003306
0.959322713155
0.73454563671
0.970143272217
0.767508265705
0.935577597435
0.948301773369
0.976755836089
0.921801422703
0.829876765855
0.837340947801
0.900010019036
0.98993086865
0.936078549244
0.861987776776
0.962178138463
0.875463380423
0.907670824567

80000
0.9453461577
0.82957619477
0.816451257389
0.841649133353
0.987576395151
0.957318905921
0.707043382427
0.818705540527
0.894850215409
0.957318905921
0.957869952911
0.867798817754
0.922903516682
0.952710149284
0.960324616772
0.995441338543
0.97329926861
0.980512974652
0.909277627492
0.868700531009
0.978108405971
0.933223123935
0.968289750526
0.871255385232
0.960024045687
0.730137260796
0.965985372207
0.759643322312
0.936178739605
0.949904819156
0.977607454163
0.920849614267
0.829225528504
0.833934475503
0.900611161206
0.990582106001
0.933673980563
0.86223825268
0.96197775774
0.876264903316
0.907109758541

90000
0.944494539625
0.828073339345
0.814647830879
0.837992185152
0.987376014427
0.956016431219
0.703386434225
0.823264201984
0.893347359984
0.95666766857
0.959773569783
0.87230738403
0.917543332331
0.951257389039
0.959172427612
0.995441338543
0.973449554153
0.980663260194
0.906472297365
0.867848912935
0.978559262599
0.93292255285
0.967638513175
0.871856527402
0.959923855325
0.721921651137
0.966937180643
0.769061216311
0.934876264903
0.946498346859
0.977056407174
0.92160104198
0.824917342952
0.82957619477
0.899108305781
0.990582106001
0.93347359984
0.863190061116
0.962979661357
0.87646528404
0.90645852119

100000
0.943693016732
0.825067628494
0.815148782687
0.837391042982
0.986474301172
0.956266907124
0.703987576395
0.828874862238
0.889790602144
0.954613766156
0.959523093878
0.872658050296
0.920198376916
0.949253581805
0.961276425208
0.99524095782
0.972247269813
0.980012022843
0.905871155195
0.866095581605
0.97800821561
0.931970744414
0.967888989079
0.867949103296
0.95962328424
0.72983668971
0.968590321611
0.75713856327
0.933774170925
0.946849013125
0.976505360184
0.920298567278
0.829876765855
0.834084761046
0.899108305781
0.990031059012
0.937932070935
0.862438633403
0.961877567378
0.871305480413
0.906219316702
