50000
0.943642921551
0.820158300771
0.80998897906
0.845556557459
0.988678489129
0.957369001102
0.704839194469
0.836489329726
0.856627592426
0.955265003507
0.953511672177
0.880172327422
0.923755134756
0.95546538423
0.962428614367
0.995441338543
0.971095080653
0.981114116822
0.909878769662
0.870103196073
0.971395651738
0.928363891394
0.967388037271
0.867297865945
0.960725378219
0.744314196974
0.96854022643
0.771866546438
0.93292255285
0.94950405771
0.976956216812
0.924155896203
0.805129746518
0.831179240557
0.893247169622
0.98812744214
0.930017032361
0.862087967138
0.961677186655
0.858581304479
0.905376465284

60000
0.94479511071
0.821711251378
0.813896403166
0.844304177938
0.988979060214
0.958370904719
0.714006612564
0.829275623685
0.860084159904
0.957569381825
0.95902214207
0.881023945496
0.918394950406
0.955114717964
0.961276425208
0.995491433724
0.972748221621
0.982566877066
0.909327722673
0.872056908125
0.981665163811
0.934976455265
0.967989179441
0.870453862338
0.961126139665
0.745015529506
0.968991083058
0.768259693417
0.935727882978
0.949804628795
0.978859833684
0.925508466086
0.807183648933
0.83017733694
0.903516681695
0.990381725278
0.936228834786
0.862087967138
0.960524997495
0.875262999699
0.907343953512

70000
0.945997395051
0.824666867047
0.813696022443
0.844254082757
0.98932972648
0.958471095081
0.711000901713
0.830427812844
0.860284540627
0.956166716762
0.959122332432
0.884380322613
0.915138763651
0.952710149284
0.961727281835
0.99524095782
0.972948602344
0.982566877066
0.908225628695
0.870003005711
0.981114116822
0.933924456467
0.967438132452
0.868099388839
0.960474902314
0.745466386134
0.967538322813
0.766907123535
0.934174932372
0.950906722773
0.977657549344
0.925809037171
0.815449353772
0.830928764653
0.902164111812
0.989480012023
0.936379120329
0.862087967138
0.959372808336
0.872758240657
0.9071122633

80000
0.943242160104
0.81950706342
0.812243262198
0.840547039375
0.988528203587
0.958220619176
0.713104899309
0.809488027252
0.864993487626
0.956016431219
0.959122332432
0.878469091273
0.921350566076
0.950405770965
0.958972046889
0.995190862639
0.97390041078
0.980863640918
0.90677286845
0.867247770764
0.980763450556
0.932471696223
0.967538322813
0.867798817754
0.960474902314
0.744264101793
0.968389940888
0.765704839194
0.934375313095
0.950355675784
0.978358881876
0.924155896203
0.8135457369
0.826219817654
0.901462779281
0.989830678289
0.930367698627
0.862087967138
0.961526901112
0.8729085262
0.905769712454

90000
0.943943492636
0.820458871857
0.80758441038
0.836188758641
0.988628393949
0.956868049294
0.706943192065
0.812092976656
0.859232541829
0.954964432422
0.959573189059
0.876565474401
0.911231339545
0.954012623986
0.959973950506
0.995591624086
0.973950505961
0.981815449354
0.907824867248
0.86814948402
0.980663260194
0.932471696223
0.967989179441
0.867999198477
0.960074140868
0.75002504759
0.968239655345
0.765504458471
0.935327121531
0.946648632402
0.977106502354
0.922352469692
0.817503256187
0.821460775473
0.900310590121
0.989680392746
0.931870554053
0.862138062318
0.96022442641
0.873860334636
0.905176084561

100000
0.945245967338
0.823815248973
0.811040977858
0.839945897205
0.989379821661
0.956817954113
0.710049093277
0.825368199579
0.854623785192
0.957068430017
0.960274521591
0.880973850316
0.917743713055
0.950355675784
0.960524997495
0.99524095782
0.972998697525
0.981965734896
0.907774772067
0.863640917744
0.979511071035
0.933323314297
0.967037371005
0.864993487626
0.959172427612
0.737200681294
0.967638513175
0.764302174131
0.933974551648
0.948001202284
0.977056407174
0.922402564873
0.818455064623
0.826420198377
0.900110209398
0.989730487927
0.933072838393
0.862087967138
0.960174331229
0.871355575594
0.905521741308
