50000
0.944344254083
0.798266706743
0.813195070634
0.835186855025
0.983568780683
0.957569381825
0.68530207394
0.843101893598
0.819256587516
0.954663861337
0.950556056507
0.88182546839
0.916992285342
0.953912433624
0.961326520389
0.994239054203
0.970594128845
0.979561166216
0.895551547941
0.870704338243
0.977707644525
0.930467888989
0.968590321611
0.867197675584
0.961476805931
0.736549443943
0.961226330027
0.774120829576
0.917142570885
0.951958721571
0.977356978259
0.922703135958
0.796413185052
0.829626289951
0.899358781685
0.987476204789
0.933673980563
0.862087967138
0.936779881775
0.859032161106
0.9015166316

60000
0.947249774572
0.799318705541
0.819607253782
0.843051798417
0.986674681896
0.958721570985
0.697976154694
0.842951608055
0.787897004308
0.952810339645
0.953261196273
0.879771565975
0.922252279331
0.955214908326
0.960975854123
0.995641719267
0.973098887887
0.98041278429
0.90021039976
0.873309287647
0.980763450556
0.932371505861
0.969091273419
0.869552149083
0.96022442641
0.733142971646
0.965835086665
0.773970544034
0.920599138363
0.949053201082
0.978158501152
0.920148281735
0.793156998297
0.82481715259
0.902264302174
0.989680392746
0.939735497445
0.862087967138
0.938282737201
0.850315599639
0.9020914738

70000
0.946849013125
0.81059012123
0.818254683899
0.843452559864
0.988578298768
0.958771666166
0.698126440236
0.838793708045
0.793156998297
0.951758340848
0.954914337241
0.882927562369
0.923103897405
0.953812243262
0.962027852921
0.995341148182
0.972998697525
0.979911832482
0.893297264803
0.872207193668
0.97981164212
0.93287245767
0.969542130047
0.868800721371
0.960775473399
0.722522793307
0.963129946899
0.770864642821
0.919697425108
0.949904819156
0.977607454163
0.920849614267
0.79455966336
0.829175433323
0.901963731089
0.989429916842
0.941739304679
0.862087967138
0.942941589019
0.851167217714
0.902207945096

80000
0.945195872157
0.798467087466
0.818204588719
0.843502655045
0.9869251578
0.958320809538
0.698777677587
0.836389139365
0.804177938082
0.952409578199
0.956868049294
0.881174231039
0.922101993788
0.953611862539
0.960975854123
0.995591624086
0.972948602344
0.980462879471
0.882977657549
0.871956717764
0.978509167418
0.931970744414
0.968991083058
0.866145676786
0.960024045687
0.726981264402
0.965985372207
0.772167117523
0.921200280533
0.949604248071
0.97745716862
0.92220218415
0.795611662158
0.827872958621
0.902564873259
0.989379821661
0.935527502254
0.862087967138
0.945496443242
0.849113315299
0.901748321811

90000
0.945696823966
0.805129746518
0.822963630899
0.834585712854
0.987726680693
0.957318905921
0.703236148682
0.83553752129
0.795210900711
0.952660054103
0.955665764953
0.881274421401
0.923604849214
0.95546538423
0.961025949304
0.995691814447
0.974301172227
0.980663260194
0.887686604549
0.872207193668
0.980312593928
0.931670173329
0.968389940888
0.866245867148
0.960124236048
0.737000300571
0.96558461076
0.767458170524
0.92039875764
0.95130748422
0.977908025248
0.916391143172
0.796813946498
0.826069532111
0.902063921451
0.990081154193
0.938332832382
0.862087967138
0.940386734796
0.849363791203
0.901891093077

100000
0.944945396253
0.808436028454
0.817453161006
0.83849313696
0.988578298768
0.958521190261
0.702134054704
0.827372006813
0.790752429616
0.951457769763
0.956717763751
0.884680893698
0.920498948001
0.952810339645
0.962077948101
0.995892195171
0.973199078249
0.980763450556
0.886534415389
0.868349864743
0.980262498748
0.929516080553
0.968690511973
0.859032161106
0.959422903517
0.724877266807
0.964081755335
0.7696122633
0.92220218415
0.949704438433
0.977857930067
0.918244664863
0.79450956818
0.834084761046
0.903967538323
0.989580202385
0.937982166116
0.862087967138
0.944544634806
0.854172928564
0.901352569883
