50000
0.943542731189
0.832331429716
0.816701733293
0.839394850215
0.988277727683
0.955515479411
0.707444143873
0.826570483919
0.894048692516
0.950155295061
0.959823664963
0.88302775273
0.923454563671
0.952459673379
0.959873760144
0.996192766256
0.972046889089
0.980763450556
0.908375914237
0.868399959924
0.975854122833
0.931319507063
0.964732992686
0.864542630999
0.959222522793
0.73339344755
0.967438132452
0.765504458471
0.929616270915
0.946999298667
0.978258691514
0.922853421501
0.832131048993
0.833032762248
0.898607353973
0.989780583108
0.932221220319
0.863741108105
0.961326520389
0.880172327422
0.907228734596

60000
0.946949203487
0.832732191163
0.814948401964
0.8420498948
0.988678489129
0.957419096283
0.712954613766
0.833583809238
0.893547740707
0.95666766857
0.96142671075
0.871405670774
0.922903516682
0.953862338443
0.961677186655
0.995792004809
0.973399458972
0.982065925258
0.908325819056
0.872457669572
0.979961927663
0.933623885382
0.967087466186
0.869001102094
0.960024045687
0.74226029456
0.968139464983
0.769862739204
0.936128644424
0.948702534816
0.978158501152
0.925658751628
0.829876765855
0.833934475503
0.901062017834
0.990582106001
0.941088067328
0.864442440637
0.962879470995
0.878318805731
0.909091022944

70000
0.946698727582
0.831279430919
0.816601542932
0.841799418896
0.988377918044
0.957619477006
0.710950806532
0.826320008015
0.894198978058
0.956567478209
0.961677186655
0.879821661156
0.92220218415
0.951357579401
0.962027852921
0.99584209999
0.973048792706
0.981314497545
0.908325819056
0.871355575594
0.980613165014
0.934725979361
0.966636609558
0.86935176836
0.960274521591
0.741007915039
0.968640416792
0.77016331029
0.935076645627
0.946297966136
0.978208596333
0.925007514277
0.828073339345
0.834786093578
0.898907925058
0.989530107204
0.939985973349
0.862739204489
0.962628995091
0.875162809338
0.90863014728

80000
0.947299869753
0.832331429716
0.816751828474
0.840897705641
0.988478108406
0.956016431219
0.709798617373
0.81469792606
0.894148882877
0.956517383028
0.960324616772
0.877166616571
0.923304278128
0.952209197475
0.961777377016
0.995892195171
0.973750125238
0.980763450556
0.911131149183
0.870353671977
0.979060214407
0.933573790201
0.968139464983
0.869051197275
0.959773569783
0.738803727081
0.96793908426
0.765704839194
0.936629596233
0.947500250476
0.978058310791
0.923103897405
0.826770864643
0.834184951408
0.899258591324
0.990181344555
0.937581404669
0.861436729787
0.962077948101
0.878218615369
0.908016481314

90000
0.945746919146
0.831880573089
0.813445546538
0.838994088769
0.988177537321
0.957369001102
0.706392145076
0.82065925258
0.892195170825
0.955064622783
0.962278328825
0.875413285242
0.918495140767
0.953010720369
0.961076044485
0.995741909628
0.974401362589
0.981214307184
0.906873058812
0.869151387637
0.979611261397
0.93407474201
0.967287846909
0.869552149083
0.960324616772
0.728734595732
0.966987275824
0.771014928364
0.935928263701
0.946899108306
0.978659452961
0.923905420299
0.817553351368
0.829526099589
0.897004308186
0.99048191564
0.934475503457
0.864743011722
0.962829375814
0.875763951508
0.907073439535

100000
0.945746919146
0.828173529706
0.815649734496
0.838242661056
0.98812744214
0.956868049294
0.70308586314
0.825618675483
0.89249574191
0.954313195071
0.960975854123
0.875763951508
0.922402564873
0.950556056507
0.960524997495
0.995641719267
0.972898507164
0.980162308386
0.909277627492
0.867147580403
0.979911832482
0.933573790201
0.965734896303
0.866947199679
0.959923855325
0.743212102996
0.968740607154
0.762198176535
0.935777978159
0.94654844204
0.977958120429
0.92220218415
0.823514677888
0.83313295261
0.898206592526
0.989680392746
0.937881975754
0.864141869552
0.962228233644
0.871305480413
0.907162358481
