60000
0.946648632402
0.834134856227
0.816551447751
0.845456367097
0.98988077347
0.959272617974
0.716962228234
0.841348562268
0.89429916842
0.958871856527
0.960474902314
0.877467187657
0.925959322713
0.95546538423
0.962829375814
0.996543432522
0.975303075844
0.983067828875
0.910179340747
0.872407574391
0.980512974652
0.935928263701
0.968139464983
0.873108906923
0.961827472197
0.745716862038
0.970794509568
0.771065023545
0.938683498647
0.952209197475
0.977857930067
0.926309988979
0.837240757439
0.836389139365
0.90557058411
0.990381725278
0.940737401062
0.865644724977
0.965885181846
0.880923755135
0.911201282437
