50000
0.944093778179
0.807283839295
0.818455064623
0.836038473099
0.986574491534
0.955715860134
0.686955214908
0.8444043683
0.79035166817
0.955816050496
0.958821761347
0.881324516582
0.924205991384
0.954814146879
0.962278328825
0.99524095782
0.971646127643
0.977056407174
0.90261496844
0.875162809338
0.975854122833
0.933173028755
0.96969241559
0.869502053902
0.961226330027
0.727632501753
0.963881374612
0.773469592225
0.919697425108
0.950806532412
0.978358881876
0.924807133554
0.798467087466
0.825017533313
0.902214206993
0.987476204789
0.936579501052
0.862087967138
0.94474501553
0.864492535818
0.902450906723

60000
0.945496443242
0.808987075443
0.819356777878
0.843452559864
0.986424205991
0.958120428815
0.701031960725
0.841148181545
0.791203286244
0.954513575794
0.959222522793
0.884881274421
0.925007514277
0.954112814347
0.961476805931
0.996092575894
0.973449554153
0.979410880673
0.903516681695
0.875563570784
0.980162308386
0.932722172127
0.969492034866
0.870804528604
0.961526901112
0.723674982467
0.964131850516
0.775723875363
0.916391143172
0.949754533614
0.97860935778
0.922753231139
0.795862138062
0.819707444144
0.902765253983
0.988528203587
0.942791303477
0.862087967138
0.937531309488
0.865394249073
0.903072086965

70000
0.945696823966
0.808836789901
0.81650135257
0.842901512874
0.988428013225
0.95902214207
0.703987576395
0.83789199479
0.800320609157
0.95190862639
0.95962328424
0.886834986474
0.921751327522
0.953261196273
0.96137661557
0.996142671075
0.974050696323
0.979861737301
0.895751928664
0.873359382827
0.979911832482
0.933273219116
0.970093177036
0.871305480413
0.960925758942
0.723975553552
0.960675283038
0.773569782587
0.915389239555
0.950255485422
0.978509167418
0.924205991384
0.797064422403
0.825768961026
0.902865444344
0.988878869853
0.942140066126
0.862087967138
0.935627692616
0.860835587616
0.902871706242

80000
0.945546538423
0.800220418796
0.809538122433
0.84385332131
0.986574491534
0.958972046889
0.701382626991
0.831229335738
0.80227432121
0.953912433624
0.960124236048
0.884831179241
0.922352469692
0.953411481815
0.96142671075
0.995741909628
0.974150886685
0.979711451758
0.87886985272
0.874661857529
0.97860935778
0.932822362489
0.969892796313
0.870253481615
0.961025949304
0.721921651137
0.963580803527
0.772267307885
0.916341047991
0.950155295061
0.978258691514
0.924957419096
0.795411281435
0.821210299569
0.903065825068
0.988027251778
0.939084260094
0.862087967138
0.94118825769
0.86043482617
0.901734545637

90000
0.944945396253
0.807133553752
0.817553351368
0.841198276726
0.987927061417
0.958220619176
0.709197475203
0.828173529706
0.804127842902
0.953311291454
0.959122332432
0.885632702134
0.922552850416
0.953461576996
0.959673379421
0.995942290352
0.974551648131
0.979561166216
0.895150786494
0.873008716561
0.980212403567
0.93172026851
0.970093177036
0.871255385232
0.96137661557
0.731439735497
0.963731089069
0.7696122633
0.917593427512
0.951357579401
0.978459072237
0.921951708246
0.799969942891
0.812143071836
0.904568680493
0.988678489129
0.939134355275
0.862087967138
0.937731690211
0.865494439435
0.902726430217

100000
0.945145776976
0.809037170624
0.806031459774
0.842450656247
0.988578298768
0.958320809538
0.703436529406
0.832431620078
0.795511471796
0.955765955315
0.960775473399
0.887335938283
0.922602945597
0.950906722773
0.961627091474
0.996242861437
0.974050696323
0.980212403567
0.887937080453
0.872507764753
0.979561166216
0.932521791404
0.969341749324
0.864091774371
0.960725378219
0.717713655946
0.962478709548
0.769812644024
0.915739905821
0.950956817954
0.979060214407
0.92400561066
0.796212804328
0.829025147781
0.903767157599
0.98872858431
0.93823264202
0.862087967138
0.935327121531
0.865344153892
0.901891093077
