50000
0.944093778179
0.832131048993
0.814096783889
0.844755034566
0.988678489129
0.954413385432
0.699979961928
0.835337140567
0.864191964733
0.956317002304
0.956968239655
0.887285843102
0.919597234746
0.956868049294
0.962679090272
0.996192766256
0.970694319206
0.981214307184
0.906221821461
0.870804528604
0.978058310791
0.935076645627
0.967638513175
0.867347961126
0.960725378219
0.745716862038
0.966486324016
0.77612463681
0.931820458872
0.949053201082
0.977757739705
0.923955515479
0.817202685102
0.8266205791
0.903065825068
0.989379821661
0.941388638413
0.862087967138
0.959422903517
0.8681995792
0.907241258391

60000
0.945095681795
0.81770363691
0.818755635708
0.84380322613
0.989379821661
0.956918144475
0.710099188458
0.829776575493
0.856677687606
0.956266907124
0.960324616772
0.88007213706
0.921150185352
0.956417192666
0.962328424006
0.996092575894
0.97324917343
0.981114116822
0.912183147981
0.872207193668
0.979410880673
0.936930167318
0.967738703537
0.868049293658
0.960324616772
0.740807534315
0.964883278229
0.775122733193
0.936178739605
0.951507864943
0.978709548141
0.927512273319
0.822362488729
0.818154493538
0.903166015429
0.990081154193
0.942190161306
0.862087967138
0.963931469793
0.872758240657
0.907538072337

70000
0.946047490231
0.825318104398
0.819256587516
0.844554653842
0.989179440938
0.957369001102
0.708646428214
0.825167818856
0.86283939485
0.955866145677
0.960324616772
0.886133653942
0.919897805831
0.954413385432
0.962328424006
0.996092575894
0.973199078249
0.981865544535
0.911481815449
0.87235747921
0.979711451758
0.935477407073
0.968239655345
0.867748722573
0.960775473399
0.740857629496
0.964332231239
0.77492235247
0.935327121531
0.951557960124
0.978358881876
0.926861035968
0.826921150185
0.825268009218
0.903566776876
0.99048191564
0.941288448051
0.862087967138
0.963831279431
0.871906622583
0.908046538423

80000
0.944444444444
0.81529906823
0.819356777878
0.843302274321
0.988828774672
0.956717763751
0.707444143873
0.813846307985
0.861937681595
0.956417192666
0.959973950506
0.886834986474
0.919296663661
0.953361386635
0.96142671075
0.995942290352
0.974501552951
0.980563069833
0.91093076846
0.868951006913
0.976755836089
0.934926360084
0.969041178239
0.867648532211
0.959272617974
0.739454964432
0.966085562569
0.769111311492
0.93467588418
0.950806532412
0.978759643322
0.92636008416
0.828424005611
0.820108205591
0.900611161206
0.989480012023
0.938533213105
0.862087967138
0.964282136059
0.871105099689
0.906672678088

90000
0.943993587817
0.817653541729
0.81890592125
0.841248371907
0.989029155395
0.957369001102
0.704839194469
0.821811441739
0.861186253882
0.95666766857
0.96082556858
0.88478108406
0.917593427512
0.955966336038
0.961576996293
0.996042480713
0.973950505961
0.980212403567
0.910029055205
0.867798817754
0.978859833684
0.93467588418
0.968039274622
0.867197675584
0.959072237251
0.748722572888
0.965784991484
0.771115118726
0.935828073339
0.950505961327
0.97860935778
0.924706943192
0.828824767057
0.816551447751
0.900711351568
0.990081154193
0.939284640818
0.862087967138
0.964332231239
0.87230738403
0.906969492035

100000
0.945746919146
0.820358681495
0.818054303176
0.838593327322
0.989780583108
0.956266907124
0.703386434225
0.818404969442
0.859032161106
0.955515479411
0.960024045687
0.887285843102
0.919196473299
0.950355675784
0.96137661557
0.996042480713
0.973048792706
0.980613165014
0.909828674482
0.866446247871
0.978509167418
0.932822362489
0.968089369803
0.859933874361
0.95962328424
0.739354774071
0.964482516782
0.762598937982
0.935627692616
0.95130748422
0.978709548141
0.923304278128
0.826871055005
0.828524195972
0.902164111812
0.990782486725
0.941889590221
0.86223825268
0.963580803527
0.872758240657
0.906313245166
