60000
0.950906722773
0.837641518886
0.824917342952
0.854774070734
0.989630297565
0.961677186655
0.716711752329
0.8420498948
0.901262398557
0.961526901112
0.96082556858
0.891744314197
0.926410179341
0.958771666166
0.965033563771
0.996793908426
0.974902314397
0.983117924056
0.917743713055
0.87586414187
0.981815449354
0.940136258892
0.969391844505
0.873609858732
0.962879470995
0.757288848813
0.969492034866
0.780082156097
0.937280833584
0.953411481815
0.979561166216
0.930868650436
0.836990281535
0.84084761046
0.90857629496
0.991433724076
0.943542731189
0.864743011722
0.966937180643
0.887335938283
0.914213255185
