50000
0.943542731189
0.825368199579
0.816801923655
0.848662458671
0.988778679491
0.954814146879
0.709297665565
0.840647229736
0.893347359984
0.951708245667
0.960524997495
0.868249674381
0.921350566076
0.948702534816
0.953611862539
0.995441338543
0.96969241559
0.977857930067
0.909427913035
0.869101292456
0.974802124036
0.934325217914
0.967388037271
0.871956717764
0.959723474602
0.740907724677
0.965885181846
0.764452459673
0.931519887787
0.949453962529
0.97800821561
0.923204087767
0.821210299569
0.822963630899
0.897455164813
0.989229536119
0.92816351067
0.861987776776
0.964282136059
0.875112714157
0.906724025649

60000
0.944494539625
0.829976956217
0.821510870654
0.849263600842
0.988077346959
0.957569381825
0.713605851117
0.831229335738
0.896252880473
0.954914337241
0.960074140868
0.874862238253
0.925257990181
0.950756437231
0.959322713155
0.995741909628
0.971846508366
0.981715258992
0.91153191063
0.871455765955
0.977807834886
0.935777978159
0.967438132452
0.872658050296
0.96082556858
0.752680092175
0.968389940888
0.771014928364
0.935677787797
0.949854723976
0.977106502354
0.923504658852
0.83253181044
0.835086664663
0.900761446749
0.990081154193
0.933924456467
0.865895200882
0.965784991484
0.878418996093
0.909617022342

70000
0.946247870955
0.831730287546
0.818054303176
0.850566075544
0.987576395151
0.95721871556
0.714457469191
0.833583809238
0.894950405771
0.957469191464
0.958571285442
0.878970043082
0.923755134756
0.952760244464
0.959422903517
0.995591624086
0.973048792706
0.980162308386
0.90737401062
0.872257288849
0.977156597535
0.935226931169
0.967688608356
0.872808335838
0.960524997495
0.750726380122
0.968189560164
0.768660454864
0.934024646829
0.948001202284
0.978308786695
0.923955515479
0.829726480313
0.834786093578
0.901011922653
0.990431820459
0.937230738403
0.864843202084
0.965334134856
0.877767758742
0.909504308186

80000
0.945746919146
0.829976956217
0.817503256187
0.849714457469
0.988077346959
0.958370904719
0.70959823665
0.83904418395
0.896603546739
0.955565574592
0.95902214207
0.883428514177
0.916341047991
0.953511672177
0.960374711953
0.99584209999
0.971245366196
0.980563069833
0.907123534716
0.870904718966
0.979410880673
0.934876264903
0.967037371005
0.872157098487
0.961326520389
0.748872858431
0.9691413686
0.764452459673
0.935677787797
0.947951107103
0.977607454163
0.923504658852
0.834585712854
0.836839995992
0.90026049494
0.990532010821
0.940286544434
0.866596533413
0.964482516782
0.877767758742
0.909548141469

90000
0.94594729987
0.829425909228
0.820909728484
0.848361887586
0.988077346959
0.957619477006
0.713505660755
0.830728383929
0.896753832281
0.95546538423
0.959873760144
0.877316902114
0.921651137161
0.947650536018
0.956016431219
0.99584209999
0.971796413185
0.979410880673
0.907574391344
0.869852720168
0.977958120429
0.932672076946
0.967137561367
0.870153291253
0.960625187857
0.752680092175
0.968740607154
0.766155695822
0.933774170925
0.950856627592
0.978408977056
0.925408275724
0.831580002004
0.834685903216
0.899559162409
0.990231439735
0.936980262499
0.867047390041
0.963530708346
0.873559763551
0.908888137461

100000
0.944294158902
0.826320008015
0.818154493538
0.848762649033
0.987826871055
0.956517383028
0.711251377617
0.832231239355
0.895751928664
0.953361386635
0.959673379421
0.880873659954
0.920949804629
0.952359483018
0.956817954113
0.995391243362
0.97269812644
0.979961927663
0.905119727482
0.871505861136
0.980262498748
0.932471696223
0.967388037271
0.870103196073
0.961226330027
0.749223524697
0.96854022643
0.770413786194
0.93587816852
0.950155295061
0.977807834886
0.92280332632
0.831730287546
0.836940186354
0.902815349163
0.989980963831
0.938132451658
0.867498246669
0.964332231239
0.877016331029
0.909113565775
