50000
0.943893397455
0.817202685102
0.819857729686
0.849363791203
0.98932972648
0.956817954113
0.708846808937
0.839495040577
0.891744314197
0.95306081555
0.960875663761
0.876214808135
0.923504658852
0.954363290251
0.960575092676
0.995491433724
0.967788798718
0.976906121631
0.908325819056
0.870954814147
0.978659452961
0.935026550446
0.967037371005
0.870353671977
0.959923855325
0.748622382527
0.967688608356
0.770463881375
0.934826169722
0.951357579401
0.976355074642
0.923003707043
0.825117723675
0.830928764653
0.899458972047
0.989179440938
0.921751327522
0.862087967138
0.963731089069
0.879771565975
0.907998948001

60000
0.945646728785
0.829275623685
0.821911632101
0.848712553852
0.989429916842
0.959172427612
0.711602043883
0.833032762248
0.896302975654
0.956817954113
0.962077948101
0.879921851518
0.925057609458
0.954764051698
0.962879470995
0.995892195171
0.970644224026
0.980963831279
0.913986574492
0.875563570784
0.97981164212
0.935327121531
0.968389940888
0.872006812945
0.96197775774
0.753481615069
0.969892796313
0.775573589821
0.937280833584
0.950806532412
0.975152790302
0.922903516682
0.829275623685
0.837441138163
0.903616872057
0.989780583108
0.933273219116
0.863139965935
0.96553451558
0.882126039475
0.910511221321

70000
0.946097585412
0.832181144174
0.820208395952
0.84976455265
0.988878869853
0.958771666166
0.710700330628
0.832882476706
0.897354974451
0.957719667368
0.961627091474
0.885732892496
0.921851517884
0.953161005911
0.960174331229
0.995942290352
0.972497745717
0.981414687907
0.913084861236
0.873860334636
0.978108405971
0.934926360084
0.968039274622
0.873209097285
0.960875663761
0.754633804228
0.969041178239
0.775423304278
0.934425408276
0.949804628795
0.977757739705
0.92636008416
0.827372006813
0.831730287546
0.898757639515
0.990081154193
0.934926360084
0.863390441839
0.964783087867
0.882727181645
0.910256988278

80000
0.946247870955
0.829526099589
0.820208395952
0.849514076746
0.989229536119
0.959723474602
0.711952710149
0.837541328524
0.896904117824
0.957018334836
0.96142671075
0.890391744314
0.913435527502
0.954613766156
0.961576996293
0.995992385533
0.9714958421
0.981314497545
0.913585813045
0.874912333434
0.979561166216
0.935377216712
0.96793908426
0.872658050296
0.961476805931
0.75358180543
0.969492034866
0.775723875363
0.937581404669
0.949854723976
0.977908025248
0.925558561266
0.829976956217
0.837591423705
0.900611161206
0.99048191564
0.940887686605
0.863390441839
0.964081755335
0.882075944294
0.910810540026

90000
0.946748822763
0.829726480313
0.822162108005
0.849213505661
0.989480012023
0.957419096283
0.715309087266
0.835036569482
0.895250976856
0.958821761347
0.961627091474
0.880923755135
0.922452660054
0.952409578199
0.959472998698
0.995741909628
0.971996793908
0.980863640918
0.912934575694
0.873209097285
0.979611261397
0.935026550446
0.968089369803
0.872107003306
0.961476805931
0.752329425909
0.970393748121
0.776625588618
0.93708045286
0.952459673379
0.978058310791
0.926309988979
0.826520388739
0.834685903216
0.89965935277
0.990431820459
0.936028454063
0.864091774371
0.964732992686
0.88062318405
0.910428564272

100000
0.946147680593
0.827372006813
0.819356777878
0.849013124937
0.988778679491
0.958871856527
0.712704137862
0.833633904418
0.895902214207
0.957519286645
0.96022442641
0.882526800922
0.920098186554
0.955064622783
0.96082556858
0.99584209999
0.973399458972
0.981364592726
0.91093076846
0.872507764753
0.979160404769
0.934575693818
0.967738703537
0.8729085262
0.960875663761
0.754233042781
0.968640416792
0.775373209097
0.93763149985
0.952209197475
0.977707644525
0.926009417894
0.826971245366
0.838142470694
0.900561066025
0.990431820459
0.937381023945
0.865043582807
0.964532611963
0.880723374411
0.910323364392
