50000
0.945245967338
0.801572988678
0.817753732091
0.841999799619
0.989830678289
0.957869952911
0.705039575193
0.838643422503
0.893447550346
0.956767858932
0.957419096283
0.887085462379
0.919096282938
0.952860434826
0.9584209999
0.995341148182
0.970393748121
0.981364592726
0.90857629496
0.86875062619
0.975353171025
0.934876264903
0.967137561367
0.860234445446
0.960474902314
0.749774571686
0.966536419196
0.76665664763
0.931970744414
0.950155295061
0.974952409578
0.926209798617
0.825017533313
0.825468389941
0.899959923855
0.989780583108
0.928614367298
0.862037871957
0.961025949304
0.879821661156
0.907088468089

60000
0.944995491434
0.823564773069
0.825067628494
0.845456367097
0.988177537321
0.958671475804
0.70784490532
0.846358080353
0.894699929867
0.957920048091
0.96197775774
0.886434225028
0.926610560064
0.954363290251
0.962528804729
0.996092575894
0.971596032462
0.981965734896
0.914988478108
0.874461476806
0.979160404769
0.936178739605
0.967538322813
0.864492535818
0.961827472197
0.744564672878
0.969542130047
0.766957218716
0.935727882978
0.951958721571
0.975703837291
0.927061416692
0.830227432121
0.836789900812
0.903616872057
0.990081154193
0.935026550446
0.86223825268
0.965334134856
0.880973850316
0.910219416892

70000
0.948051297465
0.817803827272
0.826119627292
0.841148181545
0.988528203587
0.958621380623
0.702033864342
0.846358080353
0.89309688408
0.959372808336
0.961877567378
0.889039174431
0.926861035968
0.953812243262
0.960775473399
0.996092575894
0.972297364993
0.982065925258
0.912483719066
0.874461476806
0.979010119227
0.936329025148
0.966786895101
0.864492535818
0.962528804729
0.743863340347
0.968139464983
0.763500651237
0.935327121531
0.951207293858
0.976956216812
0.927612463681
0.826420198377
0.833183047791
0.897505259994
0.98993086865
0.939685402264
0.862689109308
0.965734896303
0.882677086464
0.909612012824

80000
0.947099489029
0.812193167017
0.825869151388
0.845706843002
0.98872858431
0.958621380623
0.706392145076
0.846257889991
0.895451357579
0.958471095081
0.961827472197
0.891193267208
0.917593427512
0.955214908326
0.963630898708
0.995992385533
0.97269812644
0.982065925258
0.912834385332
0.874060715359
0.979160404769
0.937431119126
0.967888989079
0.863891393648
0.962979661357
0.748071335538
0.968490131249
0.771065023545
0.935126740808
0.951708245667
0.977807834886
0.927963129947
0.830528003206
0.836589520088
0.901562969642
0.989980963831
0.941388638413
0.862939585212
0.965384230037
0.88182546839
0.910342150085

90000
0.948101392646
0.817503256187
0.825668770664
0.851818455065
0.988678489129
0.958070333634
0.707193667969
0.845055605651
0.895751928664
0.958871856527
0.96197775774
0.887636509368
0.926510369702
0.954914337241
0.961627091474
0.996092575894
0.972497745717
0.981314497545
0.914337240757
0.872107003306
0.978909928865
0.935777978159
0.967237751728
0.866897104499
0.961827472197
0.745165815049
0.969091273419
0.769211501854
0.93527702635
0.951557960124
0.977356978259
0.927913034766
0.826971245366
0.832581905621
0.902214206993
0.990431820459
0.937831880573
0.863390441839
0.96553451558
0.884430417794
0.910383478609

100000
0.946798917944
0.821510870654
0.825067628494
0.849914838193
0.987826871055
0.956968239655
0.708596333033
0.845155796012
0.896753832281
0.958120428815
0.962729185452
0.887686604549
0.925308085362
0.955415289049
0.962178138463
0.995942290352
0.97324917343
0.981815449354
0.9144875263
0.872557859934
0.979260595131
0.935026550446
0.967838893898
0.861186253882
0.961677186655
0.747870954814
0.968440036069
0.756687706643
0.937280833584
0.95190862639
0.977707644525
0.926710750426
0.827372006813
0.831630097185
0.905420298567
0.990081154193
0.939485021541
0.864492535818
0.965784991484
0.881074040677
0.910125488428
