50000
0.945195872157
0.81945696824
0.819156397155
0.846307985172
0.98932972648
0.956918144475
0.710149283639
0.838693517684
0.893297264803
0.952910530007
0.96142671075
0.882626991283
0.922853421501
0.952810339645
0.961877567378
0.994940386735
0.970043081856
0.979561166216
0.909077246769
0.872758240657
0.976906121631
0.934124837191
0.967438132452
0.871004909328
0.959923855325
0.748622382527
0.965083658952
0.772968640417
0.933122933574
0.949954914337
0.97740707344
0.924306181745
0.822562869452
0.828924957419
0.895200881675
0.989079250576
0.929666366096
0.862338443042
0.964783087867
0.878068329827
0.908271966737

60000
0.945797014327
0.827271816451
0.819206492335
0.850165314097
0.987977156598
0.958020238453
0.713004708947
0.838142470694
0.896152690111
0.957869952911
0.961777377016
0.880973850316
0.92460675283
0.950756437231
0.961526901112
0.995591624086
0.9714958421
0.981214307184
0.912934575694
0.874611762348
0.97860935778
0.93647931069
0.967888989079
0.871305480413
0.960675283038
0.751828474101
0.968640416792
0.7743212103
0.936278929967
0.952559863741
0.976405169823
0.923955515479
0.829075242962
0.836589520088
0.902264302174
0.98993086865
0.939485021541
0.863089870754
0.965183849314
0.881324516582
0.910374711953

70000
0.947700631199
0.827271816451
0.821110109207
0.848862839395
0.988077346959
0.9584209999
0.710049093277
0.838693517684
0.895200881675
0.958220619176
0.961276425208
0.888037270815
0.923705039575
0.950355675784
0.960274521591
0.995541528905
0.973349363791
0.981364592726
0.910530007013
0.87411081054
0.978108405971
0.936278929967
0.96854022643
0.871656146679
0.961576996293
0.753631900611
0.968239655345
0.774421400661
0.936429215509
0.950505961327
0.97740707344
0.926710750426
0.822913535718
0.831730287546
0.899458972047
0.990431820459
0.938783689009
0.863941488829
0.965885181846
0.881124135858
0.910248221621

80000
0.946698727582
0.828774671877
0.819657348963
0.84916341048
0.988077346959
0.957318905921
0.711201282437
0.84084761046
0.895601643122
0.957769762549
0.960775473399
0.89134355275
0.913385432321
0.95130748422
0.962378519186
0.995591624086
0.972497745717
0.981765354173
0.910530007013
0.874160905721
0.97921049995
0.936529405871
0.968189560164
0.871355575594
0.961777377016
0.754032662058
0.968640416792
0.772467688608
0.937280833584
0.95130748422
0.977106502354
0.925809037171
0.830227432121
0.83668971045
0.901212303376
0.990031059012
0.94123835287
0.863741108105
0.965835086665
0.881274421401
0.910570083158

90000
0.948452058912
0.830477908025
0.821711251378
0.850616170724
0.988327822863
0.958220619176
0.713455565575
0.838893898407
0.895301072037
0.958471095081
0.961627091474
0.884330227432
0.923454563671
0.950505961327
0.959923855325
0.995641719267
0.973148983068
0.981665163811
0.911782386534
0.872557859934
0.978759643322
0.936329025148
0.967838893898
0.871355575594
0.961927662559
0.752680092175
0.968139464983
0.774020639215
0.936679691414
0.952559863741
0.976906121631
0.925708846809
0.827522292355
0.834485522493
0.898206592526
0.990832581906
0.93943492636
0.864392345456
0.965183849314
0.879420899709
0.910523745116

100000
0.947600440838
0.829425909228
0.820859633303
0.849664362288
0.988377918044
0.957018334836
0.713004708947
0.841098086364
0.896503356377
0.956717763751
0.961877567378
0.88538222623
0.921100090171
0.950606151688
0.960775473399
0.995641719267
0.972597936079
0.98101392646
0.912533814247
0.872858431019
0.978058310791
0.936729786595
0.96733794209
0.871255385232
0.962027852921
0.754383328324
0.968339845707
0.771866546438
0.937280833584
0.952710149284
0.977006311993
0.926660655245
0.828474100792
0.837691614067
0.902765253983
0.990431820459
0.940537020339
0.865043582807
0.965384230037
0.880172327422
0.910720368701
