50000
0.944394349264
0.82361486825
0.822412583909
0.850515980363
0.989129345757
0.955415289049
0.706241859533
0.837791804428
0.894048692516
0.950355675784
0.960975854123
0.882176134656
0.922903516682
0.954613766156
0.959122332432
0.995341148182
0.972197174632
0.978308786695
0.911331529907
0.872006812945
0.978559262599
0.935677787797
0.967438132452
0.87230738403
0.960675283038
0.745115719868
0.96318004208
0.771866546438
0.93407474201
0.951207293858
0.975904218014
0.92515779982
0.827672577898
0.828824767057
0.899158400962
0.989780583108
0.929966937181
0.86163711051
0.964682897505
0.876164712955
0.908548742611

60000
0.945847109508
0.828323815249
0.820959823665
0.85156797916
0.989229536119
0.958571285442
0.716561466787
0.834886283939
0.894249073239
0.957168620379
0.961526901112
0.884029656347
0.925809037171
0.953411481815
0.961126139665
0.996092575894
0.971846508366
0.980863640918
0.915339144374
0.873359382827
0.980012022843
0.935978358882
0.966285943292
0.872056908125
0.961126139665
0.753130948803
0.968490131249
0.77021340547
0.935777978159
0.951808436028
0.975904218014
0.923604849214
0.830628193568
0.836489329726
0.90441839495
0.990582106001
0.937230738403
0.864091774371
0.964332231239
0.878719567178
0.910541278429

70000
0.946698727582
0.831580002004
0.82126039475
0.851718264703
0.988478108406
0.956817954113
0.716361086064
0.836890091173
0.893948502154
0.957369001102
0.961076044485
0.885632702134
0.924356276926
0.953762148081
0.961025949304
0.995591624086
0.972998697525
0.981314497545
0.911932672077
0.872507764753
0.978809738503
0.935577597435
0.966987275824
0.87230738403
0.960024045687
0.754333233143
0.968239655345
0.770564071736
0.933623885382
0.950155295061
0.977206692716
0.926710750426
0.826169722473
0.832882476706
0.902414587717
0.990131249374
0.938282737201
0.865845105701
0.964432421601
0.879621280433
0.910390992886

80000
0.947650536018
0.831730287546
0.822562869452
0.851918645426
0.988478108406
0.958521190261
0.716210800521
0.841899609258
0.895200881675
0.957419096283
0.961276425208
0.888037270815
0.918695521491
0.954112814347
0.96197775774
0.996092575894
0.971846508366
0.981314497545
0.910780482918
0.872557859934
0.980062118024
0.936729786595
0.966436228835
0.871455765955
0.960875663761
0.7541829476
0.968289750526
0.768009217513
0.935928263701
0.950255485422
0.977657549344
0.927111511873
0.833233142972
0.837441138163
0.904017633504
0.990532010821
0.941739304679
0.866346057509
0.964282136059
0.879871756337
0.911068530207

90000
0.947951107103
0.830878669472
0.82301372608
0.850616170724
0.988478108406
0.957168620379
0.717012323414
0.837040376716
0.894750025048
0.959723474602
0.961226330027
0.881274421401
0.924506562469
0.953511672177
0.960675283038
0.996042480713
0.972147079451
0.980813545737
0.911582005811
0.87230738403
0.980362689109
0.936729786595
0.966536419196
0.870954814147
0.960524997495
0.752179140367
0.968590321611
0.77021340547
0.933724075744
0.952409578199
0.97745716862
0.926911131149
0.829626289951
0.834285141769
0.90201382627
0.990582106001
0.939835687807
0.866195771967
0.964081755335
0.880723374411
0.9106164212

100000
0.946398156497
0.830928764653
0.82065925258
0.851918645426
0.988528203587
0.957970143272
0.715359182447
0.836389139365
0.895301072037
0.956717763751
0.961176234846
0.887085462379
0.923905420299
0.954563670975
0.960625187857
0.995641719267
0.971846508366
0.981064021641
0.911181244364
0.872658050296
0.979511071035
0.934124837191
0.966486324016
0.872958621381
0.960725378219
0.754283137962
0.969091273419
0.770664262098
0.935978358882
0.950656246869
0.977507263801
0.926309988979
0.831479811642
0.835988377918
0.905069632301
0.990782486725
0.936128644424
0.865995391243
0.964432421601
0.877617473199
0.91064272117
