10000
10000
0.938683498647
0.80818555255
0.808035267007
0.838192565875
0.982116020439
0.955265003507
0.702635006512
0.82126039475
0.883829275624
0.952008816752
0.957920048091
0.868800721371
0.914537621481
0.949604248071
0.960424807134
0.994389339746
0.964332231239
0.978759643322
0.908826770865
0.861587015329
0.968289750526
0.934625788999
0.966987275824
0.858380923755
0.955966336038
0.741258390943
0.964632802324
0.759442941589
0.930067127542
0.948101392646
0.973700030057
0.921350566076
0.817002304378
0.793858330829
0.882376515379
0.987075443342
0.935777978159
0.862087967138
0.958170523996
0.865143773169
0.901842250276

20000
0.941989780583
0.820809538122
0.815749924857
0.848011221321
0.9869251578
0.957168620379
0.705640717363
0.822362488729
0.887536319006
0.956417192666
0.958771666166
0.866897104499
0.923554754033
0.95250976856
0.958671475804
0.995391243362
0.973449554153
0.98156497345
0.902214206993
0.872457669572
0.974551648131
0.936078549244
0.967838893898
0.86935176836
0.960074140868
0.733694018635
0.969241558962
0.760394750025
0.933022743212
0.950155295061
0.97685602645
0.924957419096
0.824867247771
0.823815248973
0.899158400962
0.98932972648
0.940787496243
0.862087967138
0.963881374612
0.875964332231
0.906605049594

30000
0.944143873359
0.825869151388
0.819156397155
0.849864743012
0.988227632502
0.958821761347
0.707093477607
0.833583809238
0.891243362389
0.9560665264
0.960374711953
0.891443743112
0.922703135958
0.956918144475
0.962478709548
0.996142671075
0.973950505961
0.979260595131
0.909978960024
0.872758240657
0.97745716862
0.938032261296
0.968640416792
0.871856527402
0.958821761347
0.744564672878
0.967538322813
0.773669972949
0.935777978159
0.950455866146
0.97800821561
0.926059513075
0.821160204388
0.81945696824
0.900611161206
0.990181344555
0.940286544434
0.862087967138
0.964833183048
0.87886985272
0.909211251378

40000
0.945546538423
0.827822863441
0.81950706342
0.851718264703
0.989429916842
0.959823664963
0.707895000501
0.840446849013
0.892245266005
0.956317002304
0.959573189059
0.889940887687
0.926861035968
0.955816050496
0.96378118425
0.995892195171
0.970944795111
0.982667067428
0.911131149183
0.874511571987
0.977757739705
0.938733593828
0.96854022643
0.870954814147
0.961326520389
0.752229235548
0.969091273419
0.771515880172
0.936429215509
0.95010519988
0.977607454163
0.924105801022
0.830878669472
0.82601943693
0.901913635908
0.989980963831
0.9429916842
0.862288347861
0.965634705941
0.881625087667
0.910540026049

50000
0.946047490231
0.826169722473
0.815499448953
0.851267408075
0.988928965034
0.95902214207
0.707594429416
0.840396753832
0.894649834686
0.959222522793
0.960925758942
0.892846408176
0.911281434726
0.956417192666
0.964131850516
0.996092575894
0.974301172227
0.98041278429
0.908125438333
0.87230738403
0.974251077046
0.936980262499
0.968640416792
0.867698627392
0.958521190261
0.748522192165
0.969341749324
0.763500651237
0.935176835988
0.953311291454
0.978859833684
0.927111511873
0.829876765855
0.828223624887
0.903366396153
0.990381725278
0.93647931069
0.862438633403
0.96553451558
0.872557859934
0.909410379721

60000
0.944644825168
0.825568580303
0.814647830879
0.849964933373
0.987576395151
0.958521190261
0.708245666767
0.840547039375
0.895250976856
0.955866145677
0.959573189059
0.889990982867
0.923805229937
0.955515479411
0.964031660154
0.99524095782
0.974150886685
0.981264402364
0.907925057609
0.875413285242
0.971345556557
0.935978358882
0.968189560164
0.866696723775
0.960474902314
0.705941288448
0.967838893898
0.776475303076
0.934174932372
0.952159102294
0.978509167418
0.926159703437
0.829826670674
0.833483618876
0.903917443142
0.990982867448
0.939334735998
0.862989680393
0.965734896303
0.878569281635
0.908913185052

70000
0.935828073339
0.813495641719
0.807634505561
0.831680192365
0.987225728885
0.953712052901
0.699729486023
0.837140567077
0.884280132251
0.954313195071
0.954764051698
0.884530608155
0.915890191364
0.9560665264
0.962528804729
0.991133152991
0.972597936079
0.979360785492
0.896152690111
0.863891393648
0.959673379421
0.926660655245
0.965935277026
0.857779781585
0.950806532412
0.738302775273
0.963430517984
0.758791704238
0.929716461276
0.948151487827
0.975303075844
0.914036669672
0.810289550145
0.807734695922
0.89309688408
0.987776775874
0.933423504659
0.862188157499
0.959472998698
0.860885682797
0.902135307083

80000
0.934625788999
0.816100591123
0.80643222122
0.832982667067
0.98632401563
0.953010720369
0.69772567879
0.830127241759
0.872207193668
0.953912433624
0.953361386635
0.880773469592
0.914888287747
0.95250976856
0.962077948101
0.989580202385
0.968339845707
0.980713355375
0.897354974451
0.86043482617
0.941088067328
0.914287145577
0.96613565775
0.852870453862
0.944093778179
0.737851918645
0.962478709548
0.765905219918
0.925708846809
0.937230738403
0.972247269813
0.915188858832
0.805480412784
0.799168419998
0.885782987677
0.987626490332
0.931519887787
0.862087967138
0.958972046889
0.853271215309
0.899061967739

90000
0.936128644424
0.809237551348
0.8004708947
0.832431620078
0.984821160204
0.95366195772
0.700831580002
0.829275623685
0.881074040677
0.953511672177
0.953762148081
0.883178038273
0.917042380523
0.952359483018
0.961176234846
0.990882677086
0.967388037271
0.980162308386
0.892746217814
0.859432922553
0.947400060114
0.916140667268
0.96553451558
0.853671976756
0.948201583008
0.739204488528
0.962478709548
0.76605550546
0.929065223925
0.948401963731
0.974952409578
0.914988478108
0.81414687907
0.801973750125
0.886033463581
0.985923254183
0.932672076946
0.862138062318
0.959322713155
0.85627692616
0.9001039475
60000
0.947901011923
0.833233142972
0.824867247771
0.851367598437
0.989379821661
0.961126139665
0.71555956317
0.845155796012
0.90201382627
0.957469191464
0.962879470995
0.894499549143
0.9275623685
0.957920048091
0.96438232642
0.996493337341
0.97390041078
0.982366496343
0.91744314197
0.879220518986
0.98041278429
0.939284640818
0.969291654143
0.873710049093
0.962228233644
0.758441037972
0.970093177036
0.776926159703
0.937681595031
0.951808436028
0.979460975854
0.929015128745
0.837491233343
0.840647229736
0.905019537121
0.991133152991
0.940837591424
0.864692916541
0.966887085462
0.885282035868
0.913627141569

70000
0.947249774572
0.832030858631
0.824466486324
0.851818455065
0.989830678289
0.962679090272
0.714257088468
0.842751227332
0.901763350366
0.957318905921
0.962278328825
0.891293457569
0.928313796213
0.957869952911
0.963680993888
0.996292956618
0.973950505961
0.981915639715
0.917543332331
0.878469091273
0.980162308386
0.939635307083
0.970093177036
0.87230738403
0.961326520389
0.757889990983
0.970944795111
0.776575493438
0.937881975754
0.952910530007
0.979961927663
0.929866746819
0.836789900812
0.836288949003
0.905871155195
0.991283438533
0.941538923956
0.866496343052
0.967037371005
0.884430417794
0.913376665665

80000
0.948251678189
0.833032762248
0.825618675483
0.851467788799
0.989580202385
0.962077948101
0.715609658351
0.843051798417
0.900861637111
0.959723474602
0.962278328825
0.894850215409
0.925257990181
0.957920048091
0.964632802324
0.996493337341
0.973800220419
0.982667067428
0.916391143172
0.878769662358
0.980512974652
0.939585211903
0.969842701132
0.873860334636
0.96197775774
0.759342751227
0.970393748121
0.776926159703
0.938082356477
0.953812243262
0.979761546939
0.929566175734
0.838943993588
0.837491233343
0.905821060014
0.991383628895
0.939985973349
0.865845105701
0.96673679992
0.885181845506
0.913684751027

90000
0.948251678189
0.835136759844
0.823514677888
0.850065123735
0.989830678289
0.962328424006
0.714106802926
0.848011221321
0.901613064823
0.958120428815
0.961877567378
0.896302975654
0.928063320309
0.958671475804
0.964532611963
0.996543432522
0.973649934876
0.98276725779
0.917092475704
0.878068329827
0.980312593928
0.940336639615
0.969542130047
0.873710049093
0.962328424006
0.758641418696
0.970243462579
0.776625588618
0.936829976956
0.951457769763
0.97981164212
0.929716461276
0.836389139365
0.837040376716
0.904668870855
0.991533914437
0.940436829977
0.866295962328
0.967237751728
0.883678990081
0.913634655846

100000
0.94835186855
0.834134856227
0.825268009218
0.852920549043
0.989680392746
0.962128043282
0.715810039074
0.848011221321
0.901763350366
0.958621380623
0.962428614367
0.89490031059
0.928914938383
0.958521190261
0.965634705941
0.996393146979
0.974651838493
0.983268209598
0.917342951608
0.879370804529
0.981264402364
0.939184450456
0.969241558962
0.873159002104
0.962178138463
0.760244464483
0.970644224026
0.777627492235
0.93763149985
0.952309387837
0.979661356577
0.92931569983
0.835687806833
0.836038473099
0.904268109408
0.991433724076
0.93883378419
0.867748722573
0.967087466186
0.883929465985
0.913890141268
