60000
0.948151487827
0.834034665865
0.824566676686
0.852519787596
0.989279631299
0.961827472197
0.715459372808
0.845306081555
0.902314397355
0.9584209999
0.962879470995
0.89550145276
0.927361987777
0.957719667368
0.963981564973
0.996693718064
0.9738503156
0.982216210801
0.917994188959
0.879621280433
0.980663260194
0.939935878169
0.969592225228
0.873710049093
0.962478709548
0.75773970544
0.970343652941
0.778429015129
0.937531309488
0.953161005911
0.980062118024
0.930317603447
0.837441138163
0.83909427913
0.907073439535
0.991333533714
0.940587115519
0.864392345456
0.967087466186
0.884881274421
0.913888888889

70000
0.947700631199
0.833082857429
0.825117723675
0.853221120128
0.989379821661
0.962779280633
0.714056707745
0.843602845406
0.90261496844
0.958521190261
0.962729185452
0.892295361186
0.927712654043
0.957869952911
0.964682897505
0.996593527703
0.974150886685
0.982015830077
0.918144474502
0.87826871055
0.980913736099
0.939735497445
0.970193367398
0.872958621381
0.961526901112
0.758541228334
0.970594128845
0.776325017533
0.937932070935
0.952660054103
0.980362689109
0.930367698627
0.836339044184
0.83553752129
0.906672678088
0.991283438533
0.941939685402
0.865945296063
0.967137561367
0.884480512975
0.9136496844

80000
0.947850916742
0.833233142972
0.825518485122
0.852469692416
0.989530107204
0.962278328825
0.715609658351
0.844855224927
0.9014126841
0.959773569783
0.962628995091
0.893748121431
0.925859132351
0.958020238453
0.964682897505
0.996793908426
0.973800220419
0.982566877066
0.918545235948
0.879370804529
0.981264402364
0.939735497445
0.970093177036
0.873760144274
0.962378519186
0.759342751227
0.970944795111
0.777627492235
0.938483117924
0.953461576996
0.980062118024
0.931018935978
0.83909427913
0.837591423705
0.906822963631
0.991383628895
0.939885782988
0.86519386835
0.967137561367
0.884380322613
0.913955265004

90000
0.948301773369
0.834886283939
0.825768961026
0.850766456267
0.989630297565
0.962679090272
0.714858230638
0.848311792406
0.901362588919
0.958821761347
0.962528804729
0.895301072037
0.928313796213
0.957519286645
0.965233944495
0.99644324216
0.9738503156
0.982566877066
0.918194569682
0.878970043082
0.980512974652
0.940436829977
0.96974251077
0.873910429817
0.962228233644
0.759442941589
0.970544033664
0.776274922352
0.937230738403
0.952159102294
0.979911832482
0.930618174532
0.836439234546
0.836990281535
0.906572487727
0.991884580703
0.940587115519
0.865444344254
0.967137561367
0.885231940687
0.913940236449

100000
0.948752629997
0.833984570684
0.825368199579
0.853020739405
0.989379821661
0.962628995091
0.715659753532
0.848261697225
0.902214206993
0.959322713155
0.962779280633
0.894148882877
0.928564272117
0.958471095081
0.96498346859
0.99644324216
0.974952409578
0.982967638513
0.918094379321
0.879921851518
0.981314497545
0.939334735998
0.9691413686
0.873960524997
0.962779280633
0.760394750025
0.970844604749
0.778078348863
0.937581404669
0.952960625188
0.98041278429
0.929365795011
0.836539424907
0.836188758641
0.905770964833
0.991584009618
0.939985973349
0.866646628594
0.967137561367
0.884680893698
0.914115569582
