50000
0.937581404669
0.824516581505
0.808035267007
0.845155796012
0.985973349364
0.954914337241
0.701583007715
0.827572387536
0.888187556357
0.952409578199
0.952409578199
0.856126640617
0.91744314197
0.954713956517
0.961326520389
0.994289149384
0.967037371005
0.98161506863
0.903867347961
0.859032161106
0.970744414387
0.93232141068
0.966085562569
0.865544534616
0.951257389039
0.742811341549
0.967137561367
0.762749223525
0.93292255285
0.949203486625
0.975303075844
0.921901613065
0.825668770664
0.825568580303
0.886384129847
0.987175633704
0.936729786595
0.866596533413
0.965334134856
0.865995391243
0.904280633203

60000
0.941037972147
0.824767057409
0.814948401964
0.844304177938
0.989079250576
0.95726881074
0.710750425809
0.825268009218
0.893146979261
0.957419096283
0.960324616772
0.880322612965
0.919497044384
0.952359483018
0.958521190261
0.994990481916
0.971545937281
0.980312593928
0.907273820258
0.865594629797
0.972798316802
0.934174932372
0.966185752931
0.870654243062
0.954964432422
0.746969241559
0.968890892696
0.767007313896
0.933373409478
0.949053201082
0.975854122833
0.92280332632
0.823965534516
0.828524195972
0.897004308186
0.988928965034
0.933373409478
0.867498246669
0.965885181846
0.8681995792
0.907121029957

70000
0.940737401062
0.826820959824
0.81529906823
0.846307985172
0.988928965034
0.957519286645
0.707394048693
0.828574291153
0.895401262399
0.957318905921
0.958370904719
0.876665664763
0.921701232341
0.951457769763
0.958671475804
0.994439434926
0.971195271015
0.980963831279
0.907774772067
0.864342250276
0.972848411983
0.933974551648
0.966486324016
0.869502053902
0.955816050496
0.751577998197
0.968790702334
0.766356076545
0.933874361286
0.950405770965
0.975904218014
0.92220218415
0.824967438132
0.827422101994
0.898056306983
0.988628393949
0.933824266106
0.866346057509
0.965835086665
0.868951006913
0.907291353572

80000
0.94123835287
0.822362488729
0.814196974251
0.846358080353
0.988428013225
0.958571285442
0.707794810139
0.8289750526
0.893798216612
0.957118525198
0.958571285442
0.879320709348
0.920198376916
0.951808436028
0.959222522793
0.994840196373
0.971395651738
0.980813545737
0.906973249173
0.865243963531
0.972397555355
0.933523695021
0.966786895101
0.869602244264
0.955315098688
0.74526600541
0.968289750526
0.767608456067
0.933072838393
0.950505961327
0.97565374211
0.922452660054
0.824666867047
0.827923053802
0.895250976856
0.988778679491
0.931870554053
0.867097485222
0.966336038473
0.868800721371
0.906960725378

90000
0.940887686605
0.823514677888
0.816801923655
0.845857128544
0.988077346959
0.958571285442
0.708696523394
0.821210299569
0.894750025048
0.956317002304
0.959573189059
0.878569281635
0.9168419998
0.951958721571
0.958621380623
0.994539625288
0.970093177036
0.98161506863
0.903967538323
0.864191964733
0.973048792706
0.932221220319
0.966386133654
0.868951006913
0.955715860134
0.74466486324
0.968991083058
0.762398557259
0.933824266106
0.949453962529
0.975252980663
0.921851517884
0.827872958621
0.829425909228
0.898106402164
0.988528203587
0.934275122733
0.866245867148
0.965835086665
0.868850816551
0.906663911432

100000
0.942340446849
0.825167818856
0.813896403166
0.845055605651
0.988678489129
0.958320809538
0.709247570384
0.824165915239
0.892796312995
0.957419096283
0.959873760144
0.87947099489
0.920899709448
0.951107103497
0.95902214207
0.994740006011
0.971445746919
0.981114116822
0.907874962429
0.862889490031
0.973800220419
0.932371505861
0.966486324016
0.866646628594
0.954563670975
0.743312293357
0.9691413686
0.765003506663
0.934325217914
0.949103296263
0.975804027653
0.921450756437
0.825869151388
0.82837391043
0.893497645527
0.988628393949
0.929365795011
0.867949103296
0.964883278229
0.870003005711
0.906652640016
