50000
0.938433022743
0.808686504358
0.79275623685
0.833683999599
0.985973349364
0.949353772167
0.693066826971
0.819657348963
0.882977657549
0.949654343252
0.955315098688
0.871856527402
0.890091173229
0.948151487827
0.960725378219
0.990281534916
0.968389940888
0.98041278429
0.890041078048
0.850115218916
0.961076044485
0.905971345557
0.964482516782
0.866245867148
0.948602344454
0.72447650536
0.965935277026
0.753381424707
0.926610560064
0.946197775774
0.974351267408
0.90912734195
0.811091073039
0.813144975453
0.891143172027
0.985071636109
0.924306181745
0.864191964733
0.963280232442
0.851317503256
0.897740707344

60000
0.934475503457
0.80998897906
0.799519086264
0.813094880273
0.986273920449
0.948151487827
0.684149884781
0.77552349464
0.881174231039
0.952559863741
0.952710149284
0.856377116521
0.914086764853
0.93647931069
0.94775072638
0.990682296363
0.968440036069
0.978809738503
0.897605450356
0.844254082757
0.961126139665
0.914788097385
0.964933373409
0.863891393648
0.947951107103
0.736549443943
0.967588417994
0.731289449955
0.926009417894
0.946798917944
0.974150886685
0.90852619978
0.807233744114
0.810139264603
0.88658451057
0.985221921651
0.918895902214
0.863290251478
0.96197775774
0.845807033363
0.894871505861

70000
0.933924456467
0.80402765254
0.794409377818
0.81950706342
0.987776775874
0.94714958421
0.696823965535
0.768760645226
0.876715759944
0.950155295061
0.954162909528
0.872708145476
0.909227532311
0.946698727582
0.957719667368
0.990031059012
0.967237751728
0.977256787897
0.891644123835
0.84620779481
0.958871856527
0.910580102194
0.965634705941
0.861186253882
0.948051297465
0.710399759543
0.963731089069
0.741458771666
0.929816651638
0.945646728785
0.973800220419
0.904769061216
0.814096783889
0.81174231039
0.88838793708
0.984670874662
0.921951708246
0.863039775574
0.962929566176
0.845456367097
0.894959172428

80000
0.936829976956
0.807985171826
0.795812042881
0.824516581505
0.986123634906
0.947800821561
0.691964732993
0.8028253682
0.883829275624
0.950656246869
0.953762148081
0.864893297265
0.909528103396
0.947099489029
0.958070333634
0.990682296363
0.965835086665
0.978559262599
0.892345456367
0.848261697225
0.958370904719
0.917593427512
0.963230137261
0.862037871957
0.949453962529
0.713255184851
0.966386133654
0.737000300571
0.927512273319
0.948201583008
0.974501552951
0.90441839495
0.808586313997
0.816551447751
0.88778679491
0.985622683098
0.923755134756
0.858931970744
0.963079851718
0.844755034566
0.896210299569

90000
0.936679691414
0.807985171826
0.794709948903
0.824967438132
0.985322112013
0.948401963731
0.692465684801
0.80698326821
0.881625087667
0.950956817954
0.953561767358
0.869852720168
0.91032962629
0.946498346859
0.958621380623
0.991032962629
0.968189560164
0.978659452961
0.892896503356
0.849514076746
0.961076044485
0.915138763651
0.964582707144
0.861136158702
0.949854723976
0.719817653542
0.965434325218
0.738553251177
0.928113415489
0.947550345657
0.974852219217
0.907824867248
0.812694118826
0.815449353772
0.88838793708
0.985372207194
0.921901613065
0.860284540627
0.962478709548
0.845406271917
0.896879070233

100000
0.937481214307
0.807333934476
0.796864041679
0.827422101994
0.984320208396
0.947099489029
0.697976154694
0.809938883879
0.882877467188
0.948602344454
0.95311091073
0.870754433424
0.912634004609
0.947850916742
0.959523093878
0.990181344555
0.968239655345
0.977958120429
0.891143172027
0.84916341048
0.95962328424
0.91744314197
0.965183849314
0.860084159904
0.948301773369
0.707343953512
0.966386133654
0.742560865645
0.928864843202
0.946798917944
0.975603646929
0.906121631099
0.810790501954
0.813445546538
0.888888888889
0.98577296864
0.919346758842
0.858130447851
0.962929566176
0.843001703236
0.896677437131
