60000
0.939334735998
0.826470293558
0.820508967037
0.846608556257
0.988478108406
0.955715860134
0.698978058311
0.826119627292
0.88423003707
0.957118525198
0.960524997495
0.883879370805
0.918445045587
0.952710149284
0.961476805931
0.995741909628
0.970343652941
0.978208596333
0.908626390141
0.865594629797
0.975403266206
0.931670173329
0.968139464983
0.869852720168
0.955665764953
0.750976856026
0.969291654143
0.768259693417
0.930167317904
0.946247870955
0.973750125238
0.919446949203
0.821110109207
0.815198877868
0.893347359984
0.988027251778
0.934725979361
0.863891393648
0.963981564973
0.87230738403
0.906264402364

70000
0.940486925158
0.830477908025
0.822713154994
0.850916741809
0.988428013225
0.958120428815
0.704338242661
0.833934475503
0.895150786494
0.957569381825
0.961326520389
0.88478108406
0.923604849214
0.955164813145
0.961627091474
0.995942290352
0.970844604749
0.980312593928
0.910780482918
0.868450055105
0.979060214407
0.936128644424
0.967488227633
0.871856527402
0.958821761347
0.752579901813
0.970343652941
0.772367498247
0.934876264903
0.948552249274
0.975453361387
0.926009417894
0.826570483919
0.828073339345
0.897354974451
0.990181344555
0.940236449254
0.865494439435
0.964232040878
0.87947099489
0.909503055806

80000
0.941088067328
0.829526099589
0.823664963431
0.852619977958
0.988979060214
0.958170523996
0.705590622182
0.834886283939
0.895301072037
0.957869952911
0.960024045687
0.881424706943
0.92515779982
0.953010720369
0.959923855325
0.996042480713
0.972397555355
0.980362689109
0.91153191063
0.869502053902
0.97800821561
0.935928263701
0.967287846909
0.873609858732
0.957369001102
0.753281234345
0.970343652941
0.771215309087
0.934876264903
0.947400060114
0.97625488428
0.925558561266
0.827672577898
0.831179240557
0.899308686504
0.989379821661
0.939735497445
0.864993487626
0.96257889991
0.878218615369
0.909531860535

90000
0.942140066126
0.830477908025
0.822212203186
0.851818455065
0.989730487927
0.956868049294
0.70488928965
0.838893898407
0.89605249975
0.958471095081
0.960675283038
0.885732892496
0.924205991384
0.953411481815
0.960925758942
0.995942290352
0.972147079451
0.979260595131
0.911982767258
0.870103196073
0.978659452961
0.936128644424
0.96733794209
0.874361286444
0.957869952911
0.750926760846
0.970443843302
0.772818354874
0.935327121531
0.94714958421
0.976655645727
0.92636008416
0.828474100792
0.830978859834
0.896954213005
0.990582106001
0.937431119126
0.86459272618
0.964682897505
0.879971946699
0.909841198277

100000
0.940136258892
0.832030858631
0.822011822463
0.852169121331
0.988778679491
0.957369001102
0.704238052299
0.838543232141
0.89369802625
0.957318905921
0.961176234846
0.884730988879
0.925358180543
0.954613766156
0.962779280633
0.995491433724
0.970544033664
0.980312593928
0.914287145577
0.870704338243
0.978308786695
0.936779881775
0.96733794209
0.874461476806
0.957369001102
0.751227331931
0.970493938483
0.773820258491
0.933824266106
0.948452058912
0.97685602645
0.925658751628
0.833583809238
0.832331429716
0.89965935277
0.98988077347
0.942590922753
0.864542630999
0.964582707144
0.880673279231
0.910218164513

110000
0.942089970945
0.8289750526
0.82361486825
0.851918645426
0.989179440938
0.959172427612
0.704688908927
0.840697324917
0.894449453963
0.958621380623
0.961025949304
0.888538222623
0.922001803427
0.955916240858
0.962378519186
0.996393146979
0.972998697525
0.980663260194
0.912383528705
0.8705540527
0.978909928865
0.936078549244
0.96793908426
0.873409478008
0.956317002304
0.753231139164
0.968089369803
0.774271115119
0.93407474201
0.94474501553
0.977206692716
0.925408275724
0.831079050195
0.832281334536
0.897906021441
0.990231439735
0.942590922753
0.864793106903
0.965033563771
0.877216711752
0.910176835988
