50000
0.941088067328
0.816801923655
0.807834886284
0.836890091173
0.989229536119
0.954914337241
0.706241859533
0.832982667067
0.887987175634
0.952058911933
0.957769762549
0.877918044284
0.920949804629
0.949003105901
0.960975854123
0.993838292756
0.970343652941
0.978258691514
0.90261496844
0.856928163511
0.968790702334
0.929916842
0.96733794209
0.867297865945
0.955916240858
0.740657248773
0.968189560164
0.761446748823
0.929966937181
0.943091874562
0.975904218014
0.919647329927
0.822663059814
0.817002304378
0.895150786494
0.986624586715
0.927612463681
0.865344153892
0.963630898708
0.866646628594
0.904186704739

60000
0.942941589019
0.820308586314
0.81294459473
0.843001703236
0.987676585512
0.955866145677
0.708295761948
0.828023244164
0.890642220218
0.956517383028
0.9584209999
0.880973850316
0.921350566076
0.951958721571
0.961777377016
0.994289149384
0.970544033664
0.979861737301
0.905821060014
0.861937681595
0.970794509568
0.929766556457
0.967087466186
0.868900911732
0.956767858932
0.747921049995
0.968239655345
0.765805029556
0.930718364893
0.95010519988
0.975303075844
0.921751327522
0.823915439335
0.826720769462
0.895551547941
0.987876966236
0.929816651638
0.86639615269
0.964432421601
0.866446247871
0.906186754834

70000
0.941889590221
0.822863440537
0.813445546538
0.839495040577
0.98872858431
0.954213004709
0.707744714958
0.817202685102
0.891844504559
0.956617573389
0.958521190261
0.875763951508
0.92104999499
0.951808436028
0.96082556858
0.994539625288
0.971946698728
0.980763450556
0.90496944194
0.862639014127
0.971245366196
0.932371505861
0.966786895101
0.86699729486
0.957369001102
0.746668670474
0.968740607154
0.76069532111
0.93292255285
0.950856627592
0.974401362589
0.922152088969
0.823364392345
0.828073339345
0.896002404569
0.988277727683
0.929015128745
0.86579501052
0.965334134856
0.866796914137
0.905768460074

80000
0.94419396854
0.819907824867
0.808586313997
0.843051798417
0.988377918044
0.955615669773
0.707945095682
0.826169722473
0.890842600942
0.955565574592
0.957719667368
0.874611762348
0.92104999499
0.952710149284
0.961677186655
0.994339244565
0.972798316802
0.981815449354
0.904618775674
0.863640917744
0.971195271015
0.931519887787
0.967638513175
0.867297865945
0.956617573389
0.738052299369
0.968089369803
0.763149984971
0.933573790201
0.95010519988
0.976004408376
0.919346758842
0.824015629696
0.826420198377
0.895451357579
0.988327822863
0.930768460074
0.865294058712
0.96378118425
0.868049293658
0.905748422002

90000
0.942841398657
0.822061917644
0.808085362188
0.832131048993
0.987225728885
0.953862338443
0.703586814948
0.819857729686
0.889490031059
0.956266907124
0.958120428815
0.879420899709
0.917393046789
0.95311091073
0.961076044485
0.994289149384
0.971896603547
0.981715258992
0.905320108206
0.860384730989
0.971295461377
0.930267508266
0.967037371005
0.866796914137
0.957419096283
0.743362388538
0.969091273419
0.752479711452
0.932371505861
0.949153391444
0.975553551748
0.92044885282
0.819557158601
0.82777276826
0.89605249975
0.987075443342
0.925809037171
0.866346057509
0.965133754133
0.866496343052
0.904691413686

100000
0.942841398657
0.822262298367
0.813295260996
0.835687806833
0.988027251778
0.954413385432
0.70308586314
0.813996593528
0.890491934676
0.954313195071
0.957469191464
0.872808335838
0.920148281735
0.949003105901
0.959172427612
0.99463981565
0.971195271015
0.981214307184
0.903767157599
0.860384730989
0.972347460174
0.928864843202
0.966836990282
0.863290251478
0.956617573389
0.742961627091
0.968440036069
0.761697224727
0.931569982968
0.949353772167
0.976054503557
0.918445045587
0.81770363691
0.828724576696
0.894800120228
0.98812744214
0.928113415489
0.865544534616
0.964682897505
0.864692916541
0.904427161607
