50000
0.940937781785
0.801272417593
0.815749924857
0.843602845406
0.988177537321
0.95366195772
0.711501853522
0.824266105601
0.893898406973
0.955816050496
0.958721570985
0.867848912935
0.903366396153
0.949453962529
0.961526901112
0.994339244565
0.970093177036
0.980963831279
0.906271916642
0.864191964733
0.971646127643
0.926259893798
0.967888989079
0.864392345456
0.957419096283
0.753882376515
0.969291654143
0.768259693417
0.931770363691
0.948852820359
0.974701933674
0.923705039575
0.820458871857
0.827121530909
0.896803927462
0.988678489129
0.928514176936
0.866095581605
0.962829375814
0.8729085262
0.90517858932

60000
0.943192064923
0.828023244164
0.816902114017
0.846959222523
0.987376014427
0.95666766857
0.711301472798
0.832431620078
0.895451357579
0.955916240858
0.959472998698
0.884730988879
0.923955515479
0.954513575794
0.962729185452
0.994840196373
0.971445746919
0.980863640918
0.906822963631
0.865895200882
0.975303075844
0.931369602244
0.968189560164
0.869752529807
0.957168620379
0.747770764452
0.969441939685
0.76665664763
0.934124837191
0.948452058912
0.975954313195
0.923604849214
0.826720769462
0.831880573089
0.897956116622
0.989429916842
0.934275122733
0.867648532211
0.964833183048
0.873810239455
0.908345857129

70000
0.942590922753
0.826971245366
0.8159002104
0.845706843002
0.987726680693
0.95781985773
0.712654042681
0.818204588719
0.89309688408
0.955715860134
0.959172427612
0.882777276826
0.923604849214
0.952960625188
0.959573189059
0.994790101192
0.972297364993
0.981114116822
0.907023344354
0.86579501052
0.97565374211
0.932171125138
0.968339845707
0.868500150286
0.957970143272
0.750425809037
0.970243462579
0.764602745216
0.933874361286
0.94890291554
0.976104598738
0.923654944394
0.82722172127
0.829125338142
0.898106402164
0.989079250576
0.930668269712
0.867999198477
0.964833183048
0.873359382827
0.907658300771

80000
0.94239054203
0.826219817654
0.817753732091
0.847009317704
0.988027251778
0.956617573389
0.71080052099
0.829325718866
0.893597835888
0.954713956517
0.957869952911
0.885081655145
0.92280332632
0.95306081555
0.962328424006
0.994840196373
0.972447650536
0.979861737301
0.908375914237
0.866696723775
0.975804027653
0.931219316702
0.968039274622
0.867047390041
0.956467287847
0.749023143974
0.970393748121
0.766806933173
0.934375313095
0.950455866146
0.975804027653
0.923654944394
0.82421601042
0.826570483919
0.897405069632
0.989029155395
0.927913034766
0.869702434626
0.964732992686
0.873159002104
0.907791053001

90000
0.943292255285
0.827472197175
0.816952209197
0.845506462278
0.988327822863
0.955365193868
0.709748522192
0.833483618876
0.894850215409
0.955966336038
0.956767858932
0.88242661056
0.924155896203
0.952259292656
0.961025949304
0.994940386735
0.970944795111
0.980212403567
0.906873058812
0.86639615269
0.975202885482
0.931269411883
0.968239655345
0.868900911732
0.958671475804
0.748772668069
0.969492034866
0.766857028354
0.933824266106
0.949804628795
0.975804027653
0.923354373309
0.823364392345
0.828624386334
0.897505259994
0.988979060214
0.93111912634
0.868800721371
0.964582707144
0.871956717764
0.907802324416

100000
0.943642921551
0.822061917644
0.817403065825
0.844604749023
0.988077346959
0.958120428815
0.712303376415
0.825919246568
0.893547740707
0.955615669773
0.957369001102
0.883578799719
0.923654944394
0.95426309989
0.962027852921
0.994890291554
0.97269812644
0.981114116822
0.907474200982
0.866847009318
0.97565374211
0.932371505861
0.968440036069
0.866095581605
0.958220619176
0.747870954814
0.969441939685
0.763200080152
0.933974551648
0.94890291554
0.976405169823
0.922653040777
0.823965534516
0.829025147781
0.898306782887
0.98932972648
0.931419697425
0.869051197275
0.964732992686
0.872808335838
0.907677086464
