50000
0.938132451658
0.820358681495
0.808285742912
0.83608856828
0.987626490332
0.952559863741
0.700180342651
0.812193167017
0.888989079251
0.954112814347
0.946147680593
0.84796112614
0.913986574492
0.949804628795
0.95962328424
0.992836389139
0.967588417994
0.978459072237
0.900711351568
0.859332732191
0.963029756537
0.924506562469
0.966035467388
0.867848912935
0.954213004709
0.750125237952
0.967438132452
0.762899509067
0.929365795011
0.950205390241
0.974251077046
0.916591523895
0.820208395952
0.822061917644
0.885532511772
0.986474301172
0.924256086564
0.864743011722
0.963931469793
0.858831780383
0.901688207594

60000
0.941037972147
0.821160204388
0.815048592325
0.840496944194
0.987576395151
0.9560665264
0.704087766757
0.821711251378
0.889490031059
0.953762148081
0.957369001102
0.877417092476
0.91744314197
0.952359483018
0.959673379421
0.993888387937
0.970794509568
0.980713355375
0.901212303376
0.862338443042
0.970143272217
0.926911131149
0.966035467388
0.8681995792
0.954162909528
0.74701933674
0.968490131249
0.760394750025
0.929666366096
0.949904819156
0.97625488428
0.917743713055
0.824466486324
0.825668770664
0.893046788899
0.987225728885
0.926610560064
0.864743011722
0.964632802324
0.863791203286
0.904718966035

70000
0.940336639615
0.823264201984
0.811441739305
0.840747420098
0.987426109608
0.95546538423
0.703837290853
0.807384029656
0.889990982867
0.953912433624
0.959122332432
0.878819757539
0.917393046789
0.949203486625
0.959322713155
0.993788197575
0.969792605951
0.980112213205
0.900510970845
0.861687205691
0.967888989079
0.927662558862
0.965835086665
0.867648532211
0.953912433624
0.74762047891
0.967187656547
0.762699128344
0.930618174532
0.950656246869
0.976455265004
0.916341047991
0.822312393548
0.828824767057
0.891393647931
0.987426109608
0.929115319106
0.864392345456
0.964482516782
0.863190061116
0.904230538022

80000
0.942490732392
0.823414487526
0.808936980262
0.837040376716
0.988077346959
0.95311091073
0.700280533013
0.820358681495
0.890842600942
0.953611862539
0.958471095081
0.873960524997
0.917693617874
0.950806532412
0.959773569783
0.993036769863
0.970794509568
0.980713355375
0.899509067228
0.861136158702
0.968991083058
0.926610560064
0.965835086665
0.866095581605
0.954012623986
0.746368099389
0.968139464983
0.759292656046
0.931469792606
0.950405770965
0.976956216812
0.915840096183
0.813896403166
0.824065724877
0.891493838293
0.987376014427
0.917493237151
0.866496343052
0.964181945697
0.862288347861
0.903534215009

90000
0.940737401062
0.820458871857
0.807784791103
0.838943993588
0.9869251578
0.954213004709
0.704037671576
0.817403065825
0.89249574191
0.954563670975
0.95781985773
0.874912333434
0.918394950406
0.948852820359
0.958821761347
0.993688007214
0.970844604749
0.979561166216
0.901713255185
0.860134255085
0.969241558962
0.927762749224
0.965835086665
0.86754834185
0.954363290251
0.746267909027
0.967588417994
0.759292656046
0.928464081755
0.949153391444
0.975303075844
0.915990381725
0.824266105601
0.830127241759
0.891243362389
0.987726680693
0.927913034766
0.865043582807
0.964232040878
0.857879971947
0.903938733594

100000
0.940587115519
0.819757539325
0.804528604348
0.834836188759
0.986474301172
0.954313195071
0.70544033664
0.824316200781
0.890441839495
0.95311091073
0.958070333634
0.873058811742
0.911030958822
0.951708245667
0.960775473399
0.993237150586
0.968139464983
0.981514878269
0.898857829877
0.858781685202
0.970794509568
0.926510369702
0.965985372207
0.866596533413
0.955064622783
0.741809437932
0.967087466186
0.752078950005
0.930768460074
0.949403867348
0.975353171025
0.914537621481
0.816701733293
0.827121530909
0.892094980463
0.987225728885
0.928313796213
0.864542630999
0.964031660154
0.859683398457
0.903117172628
