60000
0.940436829977
0.826520388739
0.816852018836
0.848912934576
0.987426109608
0.951808436028
0.698226630598
0.840446849013
0.8883378419
0.95546538423
0.96022442641
0.880272517784
0.913485622683
0.956266907124
0.962027852921
0.993337340948
0.969492034866
0.976805931269
0.897655545537
0.862588918946
0.975854122833
0.932822362489
0.969542130047
0.871455765955
0.954363290251
0.750175333133
0.969441939685
0.765203887386
0.928263701032
0.949103296263
0.975753932472
0.918895902214
0.816401162208
0.819857729686
0.891594028654
0.988377918044
0.936329025148
0.862689109308
0.964532611963
0.875814046689
0.906076545436

70000
0.941338543232
0.827672577898
0.822863440537
0.849564171927
0.988377918044
0.959673379421
0.705139765555
0.831880573089
0.896954213005
0.95721871556
0.96142671075
0.886083558762
0.923554754033
0.954413385432
0.961526901112
0.996343051798
0.97029355776
0.980012022843
0.911932672077
0.868099388839
0.978960024046
0.936278929967
0.968890892696
0.874010620178
0.958120428815
0.75358180543
0.969291654143
0.773068830778
0.934976455265
0.94835186855
0.976555455365
0.923805229937
0.829075242962
0.832932571887
0.896603546739
0.98993086865
0.941488828775
0.86404167919
0.965334134856
0.882126039475
0.909794860234

80000
0.942290351668
0.826971245366
0.824666867047
0.849113315299
0.987977156598
0.958070333634
0.704989480012
0.82957619477
0.895902214207
0.9584209999
0.961927662559
0.889039174431
0.923855325118
0.954663861337
0.96257889991
0.996543432522
0.969391844505
0.979060214407
0.912784290151
0.867848912935
0.979561166216
0.935377216712
0.970343652941
0.874060715359
0.957369001102
0.752179140367
0.970594128845
0.771916641619
0.934425408276
0.947299869753
0.976655645727
0.924256086564
0.830678288749
0.82957619477
0.898507163611
0.990231439735
0.938433022743
0.864492535818
0.965434325218
0.880222422603
0.909682146078

90000
0.942440637211
0.829526099589
0.824115820058
0.850766456267
0.988327822863
0.957068430017
0.705189860735
0.834585712854
0.897755735898
0.958370904719
0.961226330027
0.884730988879
0.924105801022
0.954363290251
0.96318004208
0.996292956618
0.968790702334
0.979911832482
0.91328524196
0.869752529807
0.979010119227
0.938883879371
0.970043081856
0.874261096083
0.958370904719
0.755084660856
0.971596032462
0.77136559463
0.934425408276
0.950205390241
0.974852219217
0.924406372107
0.829776575493
0.831529906823
0.898306782887
0.990732391544
0.938433022743
0.864191964733
0.965334134856
0.882226229837
0.910170574091

100000
0.942641017934
0.830728383929
0.823915439335
0.848912934576
0.987726680693
0.958170523996
0.703887386033
0.836589520088
0.895751928664
0.955866145677
0.961827472197
0.888438032261
0.923003707043
0.955615669773
0.963029756537
0.996292956618
0.971395651738
0.979761546939
0.913385432321
0.869602244264
0.980062118024
0.937982166116
0.970493938483
0.874160905721
0.958871856527
0.754032662058
0.970994890292
0.772467688608
0.93407474201
0.94835186855
0.976555455365
0.92460675283
0.830628193568
0.828023244164
0.8990582106
0.98988077347
0.940436829977
0.863841298467
0.965684801122
0.880973850316
0.910193116922

110000
0.942741208296
0.829826670674
0.824566676686
0.850465885182
0.987626490332
0.956817954113
0.706692716161
0.838142470694
0.896753832281
0.957569381825
0.961176234846
0.891243362389
0.925358180543
0.954764051698
0.962779280633
0.996292956618
0.971145175834
0.98101392646
0.912784290151
0.872507764753
0.980062118024
0.936980262499
0.970644224026
0.873810239455
0.959122332432
0.752780282537
0.971345556557
0.771065023545
0.934776074542
0.950155295061
0.977607454163
0.926159703437
0.833082857429
0.834134856227
0.8990582106
0.989630297565
0.941388638413
0.864191964733
0.966686704739
0.884330227432
0.91093202084
