50000
0.937130548041
0.820709347761
0.803176034465
0.836038473099
0.98632401563
0.948101392646
0.699479010119
0.815850115219
0.88182546839
0.950255485422
0.955966336038
0.866746818956
0.916541428715
0.947550345657
0.960074140868
0.991483819257
0.967187656547
0.980913736099
0.894148882877
0.853972547841
0.959923855325
0.916641619076
0.966786895101
0.863039775574
0.948151487827
0.727532311392
0.967388037271
0.758691513876
0.929866746819
0.94950405771
0.974501552951
0.914086764853
0.80643222122
0.817553351368
0.877016331029
0.985472397555
0.921350566076
0.864843202084
0.965985372207
0.855074641819
0.899582957619

60000
0.934275122733
0.810139264603
0.797364993488
0.833683999599
0.985672778279
0.951357579401
0.685452359483
0.796413185052
0.874812143072
0.953261196273
0.956968239655
0.870754433424
0.913686003406
0.948452058912
0.958972046889
0.992736198778
0.965334134856
0.980062118024
0.891844504559
0.843953511672
0.95781985773
0.918695521491
0.964181945697
0.861386634606
0.949303676986
0.720619176435
0.961226330027
0.746768860836
0.929616270915
0.94539625288
0.973349363791
0.90797515279
0.814798116421
0.818204588719
0.883779180443
0.984470493938
0.910980863641
0.866045486424
0.964582707144
0.850666265905
0.896876565474

70000
0.93287245767
0.814297164613
0.791053000701
0.83253181044
0.985221921651
0.948301773369
0.691063019738
0.808536218816
0.879571185252
0.950305580603
0.954213004709
0.845105700832
0.916491333534
0.95070634205
0.959773569783
0.991283438533
0.964131850516
0.979511071035
0.891243362389
0.85272016832
0.962829375814
0.916140667268
0.964582707144
0.852820358681
0.949804628795
0.698827772768
0.95486424206
0.747420098187
0.930868650436
0.945997395051
0.973148983068
0.909177437131
0.803075844104
0.809888788699
0.889940887687
0.985071636109
0.912884480513
0.864141869552
0.963680993888
0.849964933373
0.895601643122

80000
0.93527702635
0.817553351368
0.798917944094
0.834084761046
0.986474301172
0.951758340848
0.698677487226
0.812493738102
0.887836890091
0.95070634205
0.956216811943
0.868450055105
0.917292856427
0.948101392646
0.959472998698
0.992385532512
0.97029355776
0.978459072237
0.895902214207
0.852419597235
0.964181945697
0.918244664863
0.965985372207
0.863290251478
0.952760244464
0.725027552349
0.966987275824
0.740807534315
0.93051798417
0.947199679391
0.97625488428
0.912583909428
0.814297164613
0.819557158601
0.889640316602
0.986374110811
0.923554754033
0.865444344254
0.963931469793
0.856026450255
0.899886033464

90000
0.937230738403
0.819206492335
0.800220418796
0.835287045386
0.987476204789
0.950856627592
0.699629295662
0.804728985072
0.88718565274
0.952359483018
0.95546538423
0.870954814147
0.919396854023
0.950355675784
0.960575092676
0.992385532512
0.969492034866
0.979410880673
0.896503356377
0.853020739405
0.964933373409
0.917493237151
0.966987275824
0.865143773169
0.953261196273
0.722122031861
0.965935277026
0.748171525899
0.929966937181
0.946798917944
0.976204789099
0.912233243162
0.815800020038
0.817252780283
0.882927562369
0.986574491534
0.921450756437
0.865845105701
0.964632802324
0.854824165915
0.900007514277

100000
0.937581404669
0.814196974251
0.799368800721
0.832431620078
0.987576395151
0.951808436028
0.695771966737
0.813395451358
0.885332131049
0.952710149284
0.9560665264
0.874461476806
0.917042380523
0.948652439635
0.959673379421
0.992485722873
0.969241558962
0.978909928865
0.895701833484
0.851417693618
0.963530708346
0.91744314197
0.967588417994
0.863290251478
0.953712052901
0.733142971646
0.967488227633
0.746768860836
0.931369602244
0.945496443242
0.97565374211
0.910880673279
0.820108205591
0.818354874261
0.889840697325
0.985322112013
0.921450756437
0.86399158401
0.964682897505
0.85332131049
0.900181595031
