60000
0.929215509468
0.8159002104
0.803727081455
0.83548742611
0.986123634906
0.94955415289
0.694920348662
0.822663059814
0.884280132251
0.950906722773
0.955765955315
0.858330828574
0.9121330528
0.948001202284
0.958170523996
0.991884580703
0.966937180643
0.97981164212
0.896252880473
0.851768359884
0.956918144475
0.914237050396
0.964332231239
0.864191964733
0.945195872157
0.733844304178
0.967638513175
0.744013625889
0.929215509468
0.946798917944
0.972998697525
0.90797515279
0.812493738102
0.803476605551
0.881925658752
0.984169922853
0.92400561066
0.86223825268
0.961777377016
0.85272016832
0.898050045086

70000
0.938483117924
0.813295260996
0.804378318806
0.83313295261
0.984119827673
0.951157198677
0.70133253181
0.823715058611
0.887335938283
0.949804628795
0.954663861337
0.869602244264
0.917843903416
0.948602344454
0.959172427612
0.992084961427
0.9691413686
0.980663260194
0.898256687707
0.858030257489
0.962679090272
0.921701232341
0.966386133654
0.866045486424
0.951958721571
0.717162608957
0.967488227633
0.760344654844
0.930768460074
0.949203486625
0.974701933674
0.913986574492
0.818204588719
0.817052399559
0.889640316602
0.98517182647
0.926309988979
0.862138062318
0.964081755335
0.851618074341
0.900786494339

80000
0.939134355275
0.817152589921
0.805630698327
0.83313295261
0.984620779481
0.950656246869
0.698577296864
0.807434124837
0.885081655145
0.949854723976
0.955265003507
0.864091774371
0.913635908226
0.947800821561
0.958921951708
0.991233343352
0.969341749324
0.981114116822
0.894148882877
0.85567578399
0.961226330027
0.922302374512
0.966987275824
0.862388538223
0.952860434826
0.724226029456
0.967037371005
0.753030758441
0.930017032361
0.947349964933
0.974902314397
0.913134956417
0.814547640517
0.813996593528
0.885782987677
0.9845706843
0.926259893798
0.862288347861
0.963731089069
0.847460174331
0.899415138764

90000
0.938282737201
0.813445546538
0.80342651037
0.834184951408
0.985071636109
0.951507864943
0.703536719768
0.805330127242
0.886283939485
0.952359483018
0.955565574592
0.856577497245
0.912383528705
0.945596633604
0.958020238453
0.992185151788
0.968339845707
0.981514878269
0.896403166015
0.854874261096
0.961276425208
0.919196473299
0.964081755335
0.86759843703
0.951507864943
0.728985071636
0.965835086665
0.755986374111
0.930918745617
0.948852820359
0.974752028855
0.913686003406
0.819857729686
0.818655445346
0.886985272017
0.984720969843
0.925909227532
0.862438633403
0.962628995091
0.849514076746
0.899706943192

100000
0.937431119126
0.812493738102
0.80167317904
0.829125338142
0.985322112013
0.951758340848
0.690862639014
0.810740406773
0.887335938283
0.951057008316
0.95546538423
0.857429115319
0.909227532311
0.947049393848
0.959573189059
0.99228534215
0.967488227633
0.98156497345
0.894249073239
0.854223023745
0.960975854123
0.919897805831
0.964783087867
0.863691012925
0.950856627592
0.727782787296
0.965985372207
0.755234946398
0.929165414287
0.948251678189
0.974551648131
0.912583909428
0.814547640517
0.816601542932
0.889239555155
0.984871255385
0.922853421501
0.862889490031
0.961226330027
0.849263600842
0.898790201383

110000
0.938733593828
0.808636409177
0.807384029656
0.829175433323
0.985021540928
0.951457769763
0.696172728184
0.799769562168
0.884480512975
0.951608055305
0.95486424206
0.867097485222
0.9144875263
0.944945396253
0.959673379421
0.992385532512
0.967488227633
0.98101392646
0.898907925058
0.853521691213
0.95962328424
0.918094379321
0.966285943292
0.861937681595
0.951507864943
0.734144875263
0.967888989079
0.748021240357
0.928464081755
0.94775072638
0.97505259994
0.915188858832
0.816801923655
0.817954112814
0.889139364793
0.984420398758
0.919396854023
0.863791203286
0.962679090272
0.844304177938
0.898981815449
