50000
0.927311892596
0.818104398357
0.784189960926
0.834385332131
0.984771065024
0.95070634205
0.703386434225
0.811291453762
0.887335938283
0.952209197475
0.958070333634
0.872858431019
0.902114016632
0.943242160104
0.955866145677
0.991984771065
0.966586514377
0.979110309588
0.897956116622
0.856677687606
0.966285943292
0.926760845607
0.963881374612
0.862388538223
0.94895301072
0.727482216211
0.968790702334
0.754032662058
0.931269411883
0.948852820359
0.972497745717
0.913635908226
0.805380222423
0.816200781485
0.892145075644
0.986674681896
0.928664462479
0.864743011722
0.964833183048
0.853421500852
0.899376314998

60000
0.941538923956
0.821210299569
0.809938883879
0.837591423705
0.9869251578
0.95311091073
0.703436529406
0.812794309187
0.890592125038
0.951557960124
0.956166716762
0.879170423805
0.915589620279
0.949453962529
0.959873760144
0.993287245767
0.968490131249
0.980062118024
0.901663160004
0.862588918946
0.966937180643
0.927261797415
0.966887085462
0.864943392446
0.954964432422
0.744514577698
0.969091273419
0.753381424707
0.931069031159
0.948602344454
0.976304979461
0.918895902214
0.818755635708
0.825318104398
0.894048692516
0.987175633704
0.924857228735
0.865494439435
0.965935277026
0.858631399659
0.90345281034

70000
0.941839495041
0.820108205591
0.808235647731
0.837240757439
0.986073539725
0.953261196273
0.702334435427
0.809337741709
0.891042981665
0.953511672177
0.956817954113
0.875062618976
0.915739905821
0.948401963731
0.960975854123
0.993086865044
0.968690511973
0.980663260194
0.901312493738
0.859232541829
0.967137561367
0.925308085362
0.967287846909
0.865995391243
0.955715860134
0.741458771666
0.966636609558
0.756437230738
0.931169221521
0.949904819156
0.976755836089
0.916341047991
0.821961727282
0.824416391143
0.89369802625
0.987826871055
0.929365795011
0.865394249073
0.964732992686
0.857278829777
0.903194820158

80000
0.941739304679
0.82126039475
0.803326320008
0.837641518886
0.98577296864
0.954213004709
0.700581104098
0.810690311592
0.891243362389
0.953912433624
0.956717763751
0.875814046689
0.917643522693
0.948401963731
0.959523093878
0.992986674682
0.97029355776
0.979911832482
0.899258591324
0.859533112915
0.966636609558
0.925708846809
0.966987275824
0.863390441839
0.954162909528
0.727081454764
0.968289750526
0.749774571686
0.92816351067
0.947650536018
0.977006311993
0.914838192566
0.821110109207
0.824917342952
0.892595932271
0.987776775874
0.925859132351
0.865243963531
0.965033563771
0.858380923755
0.902276825969

90000
0.941338543232
0.818956016431
0.806832982667
0.834886283939
0.985823063821
0.953311291454
0.703135958321
0.81950706342
0.889289650336
0.953561767358
0.9560665264
0.875763951508
0.917493237151
0.949003105901
0.960424807134
0.993187055405
0.969391844505
0.980212403567
0.899208496143
0.860284540627
0.964532611963
0.924656848011
0.967588417994
0.861737300872
0.954713956517
0.732541829476
0.968890892696
0.753982566877
0.928514176936
0.949303676986
0.977256787897
0.914838192566
0.819657348963
0.822813345356
0.894349263601
0.987125538523
0.926410179341
0.867147580403
0.965183849314
0.855525498447
0.902611211301

100000
0.940436829977
0.820208395952
0.805530507965
0.836489329726
0.987576395151
0.952760244464
0.70073138964
0.814948401964
0.888838793708
0.954764051698
0.955565574592
0.878669471997
0.919597234746
0.946698727582
0.960124236048
0.992535818054
0.968690511973
0.979661356577
0.899108305781
0.860484921351
0.966436228835
0.92515779982
0.967237751728
0.861587015329
0.953511672177
0.734996493337
0.966987275824
0.754934375313
0.931269411883
0.947800821561
0.976655645727
0.914938382928
0.818404969442
0.824165915239
0.892746217814
0.986624586715
0.926109608256
0.864993487626
0.964282136059
0.854122833383
0.902409578199
