60000
0.94003606853
0.828123434526
0.817954112814
0.846859032161
0.986875062619
0.953361386635
0.707544334235
0.826971245366
0.894649834686
0.956166716762
0.957869952911
0.886434225028
0.923103897405
0.952409578199
0.959723474602
0.994339244565
0.970544033664
0.981364592726
0.904518585312
0.863340346659
0.971245366196
0.93051798417
0.967638513175
0.871505861136
0.954213004709
0.749824666867
0.968490131249
0.767658551247
0.933373409478
0.948452058912
0.975753932472
0.921550946799
0.825718865845
0.829275623685
0.89429916842
0.987977156598
0.935176835988
0.863640917744
0.965033563771
0.871255385232
0.907119777577

70000
0.939585211903
0.828073339345
0.817553351368
0.845957318906
0.988428013225
0.954914337241
0.708846808937
0.821460775473
0.893347359984
0.957419096283
0.959923855325
0.882827372007
0.924055705841
0.951608055305
0.958521190261
0.994840196373
0.9691413686
0.979160404769
0.90557058411
0.862889490031
0.970694319206
0.929816651638
0.967237751728
0.871505861136
0.954463480613
0.750225428314
0.969241558962
0.765253982567
0.932571886585
0.949403867348
0.975804027653
0.923003707043
0.823113916441
0.828474100792
0.893447550346
0.987476204789
0.93527702635
0.863841298467
0.964632802324
0.871906622583
0.906787897004

80000
0.941088067328
0.826219817654
0.817653541729
0.845807033363
0.98812744214
0.95311091073
0.707644524597
0.824967438132
0.893998597335
0.957569381825
0.958972046889
0.883678990081
0.922051898607
0.952008816752
0.96022442641
0.995040577096
0.97089469993
0.98041278429
0.906322011822
0.862037871957
0.971696222823
0.931219316702
0.967838893898
0.871105099689
0.95306081555
0.749874762048
0.968590321611
0.768560264503
0.932972648031
0.948652439635
0.976104598738
0.921901613065
0.825268009218
0.823664963431
0.893547740707
0.9869251578
0.931519887787
0.864191964733
0.964783087867
0.872658050296
0.90679916842

90000
0.940887686605
0.828323815249
0.817352970644
0.844203987576
0.988478108406
0.955765955315
0.706792906522
0.831680192365
0.893397455165
0.958521190261
0.953912433624
0.884079751528
0.924356276926
0.953010720369
0.960474902314
0.994890291554
0.969041178239
0.980963831279
0.906021440737
0.861086063521
0.970844604749
0.930067127542
0.967388037271
0.870704338243
0.955064622783
0.749273619878
0.968089369803
0.768009217513
0.933022743212
0.950055104699
0.975804027653
0.92160104198
0.82481715259
0.827021340547
0.894549644324
0.987927061417
0.931519887787
0.863490632201
0.964833183048
0.871956717764
0.90698201583

100000
0.941438733594
0.82722172127
0.817002304378
0.845907223725
0.987927061417
0.955315098688
0.708746618575
0.823915439335
0.893647931069
0.958170523996
0.958220619176
0.882476705741
0.924706943192
0.953211101092
0.960324616772
0.994790101192
0.969041178239
0.981064021641
0.90496944194
0.86459272618
0.970243462579
0.929465985372
0.967688608356
0.870704338243
0.955365193868
0.748121430718
0.968590321611
0.768961025949
0.932772267308
0.948852820359
0.975252980663
0.922903516682
0.822763250175
0.823915439335
0.894549644324
0.987927061417
0.930968840798
0.864642821361
0.96498346859
0.869652339445
0.906775373209
