50000
0.935727882978
0.819757539325
0.807985171826
0.828874862238
0.985372207194
0.952109007114
0.700931770364
0.809538122433
0.883178038273
0.954814146879
0.957369001102
0.84796112614
0.918445045587
0.936880072137
0.95546538423
0.989980963831
0.968590321611
0.980462879471
0.898106402164
0.852770263501
0.959823664963
0.924907323915
0.962729185452
0.859432922553
0.948752629997
0.73399458972
0.967287846909
0.75593627893
0.928564272117
0.948401963731
0.97269812644
0.917893998597
0.821210299569
0.818555254984
0.889940887687
0.98276725779
0.911331529907
0.86399158401
0.963981564973
0.851067027352
0.89918971045

60000
0.939885782988
0.817002304378
0.809538122433
0.838643422503
0.986824967438
0.953812243262
0.702885482417
0.815449353772
0.889139364793
0.952359483018
0.957369001102
0.874661857529
0.916190762449
0.950756437231
0.960124236048
0.99348762649
0.970694319206
0.980613165014
0.900310590121
0.857278829777
0.96553451558
0.925809037171
0.96558461076
0.865995391243
0.952760244464
0.738002204188
0.969091273419
0.759092275323
0.92931569983
0.94950405771
0.97445145777
0.91804428414
0.821761346558
0.825869151388
0.892094980463
0.98577296864
0.926109608256
0.865594629797
0.964332231239
0.860835587616
0.903064572688

70000
0.94003606853
0.820759442942
0.808335838092
0.836739805631
0.985472397555
0.953211101092
0.699428914938
0.817853922453
0.88838793708
0.951958721571
0.955816050496
0.879921851518
0.916040476906
0.946297966136
0.958270714357
0.993036769863
0.96974251077
0.980212403567
0.900360685302
0.859683398457
0.965334134856
0.923454563671
0.966386133654
0.862538823765
0.952209197475
0.731640116221
0.968039274622
0.751527903016
0.93051798417
0.949704438433
0.975152790302
0.914938382928
0.821510870654
0.826570483919
0.889439935878
0.98577296864
0.925809037171
0.865394249073
0.962929566176
0.859983969542
0.902260545036

80000
0.940336639615
0.82005811041
0.807434124837
0.838042280333
0.986424205991
0.951658150486
0.700180342651
0.818204588719
0.88893898407
0.953311291454
0.955114717964
0.876415188859
0.916791904619
0.952109007114
0.961226330027
0.993086865044
0.970944795111
0.980062118024
0.900110209398
0.857579400862
0.966235848111
0.925308085362
0.96613565775
0.863240156297
0.953261196273
0.738402965635
0.968690511973
0.755285041579
0.929866746819
0.94890291554
0.975553551748
0.913986574492
0.821611061016
0.823113916441
0.889039174431
0.986123634906
0.926861035968
0.864492535818
0.964833183048
0.857078449053
0.902651287446

90000
0.939334735998
0.821560965835
0.808987075443
0.825819056207
0.9845706843
0.953361386635
0.70248472097
0.821560965835
0.88838793708
0.953161005911
0.957068430017
0.874160905721
0.911481815449
0.947049393848
0.958921951708
0.992986674682
0.970594128845
0.979611261397
0.901312493738
0.857078449053
0.965284039675
0.923705039575
0.96613565775
0.863590822563
0.952910530007
0.737851918645
0.969041178239
0.748973048793
0.929766556457
0.95010519988
0.974100791504
0.913936479311
0.820208395952
0.824616771867
0.890842600942
0.986123634906
0.926460274522
0.864943392446
0.962077948101
0.85572587917
0.901897354974

100000
0.940136258892
0.820258491133
0.807283839295
0.832882476706
0.987025348162
0.951157198677
0.702083959523
0.803576795912
0.887085462379
0.953311291454
0.953962528805
0.865945296063
0.912433623885
0.950455866146
0.960424807134
0.993086865044
0.971896603547
0.979661356577
0.898356878068
0.856677687606
0.965935277026
0.92340446849
0.965885181846
0.864743011722
0.95306081555
0.734896302976
0.967538322813
0.752229235548
0.930818555255
0.949654343252
0.976104598738
0.915639715459
0.82065925258
0.825117723675
0.892044885282
0.985973349364
0.926710750426
0.864993487626
0.964482516782
0.856076545436
0.901591774371
