50000
0.938082356477
0.811892595932
0.800520989881
0.8444043683
0.985272016832
0.951457769763
0.69772567879
0.832782286344
0.873760144274
0.946147680593
0.953161005911
0.839995992386
0.919346758842
0.953311291454
0.960625187857
0.993988578299
0.965434325218
0.979410880673
0.89785592626
0.864492535818
0.966636609558
0.927712654043
0.965434325218
0.868249674381
0.955765955315
0.721019937882
0.96613565775
0.762097986174
0.920248472097
0.947951107103
0.97390041078
0.918394950406
0.807133553752
0.802474701934
0.859633303276
0.987025348162
0.934475503457
0.862087967138
0.956767858932
0.86404167919
0.899421400661

60000
0.942140066126
0.820508967037
0.820508967037
0.846959222523
0.983769161407
0.952910530007
0.706692716161
0.817653541729
0.882977657549
0.951958721571
0.956367097485
0.880923755135
0.92160104198
0.952609958922
0.958571285442
0.995040577096
0.966786895101
0.978559262599
0.906121631099
0.868951006913
0.971195271015
0.932171125138
0.966786895101
0.871505861136
0.956817954113
0.746217813846
0.967688608356
0.769261597034
0.930217413085
0.949053201082
0.975102695121
0.92160104198
0.816250876666
0.811291453762
0.872758240657
0.987576395151
0.936228834786
0.862138062318
0.957519286645
0.873309287647
0.904657599439

70000
0.941889590221
0.82126039475
0.816601542932
0.850115218916
0.985923254183
0.952609958922
0.706442240256
0.828724576696
0.884630798517
0.951107103497
0.957619477006
0.873108906923
0.922051898607
0.952810339645
0.960074140868
0.995391243362
0.966636609558
0.979711451758
0.906271916642
0.86935176836
0.972748221621
0.933673980563
0.967037371005
0.871105099689
0.957619477006
0.746568480112
0.967688608356
0.767107504258
0.930718364893
0.949053201082
0.975854122833
0.922252279331
0.817052399559
0.813345356177
0.876715759944
0.987927061417
0.939384831179
0.862087967138
0.958871856527
0.872808335838
0.905298817754

80000
0.941488828775
0.822713154994
0.815248973049
0.850716361086
0.983618875864
0.953712052901
0.706993287246
0.834986474301
0.884981464783
0.951608055305
0.957719667368
0.878819757539
0.921550946799
0.952109007114
0.960575092676
0.995441338543
0.969542130047
0.979711451758
0.908776675684
0.869301673179
0.973098887887
0.93527702635
0.967738703537
0.87175633704
0.956567478209
0.74466486324
0.968289750526
0.769161406673
0.93051798417
0.948201583008
0.976154693918
0.922853421501
0.814848211602
0.81234345256
0.879170423805
0.988528203587
0.938733593828
0.862087967138
0.959422903517
0.875463380423
0.905862388538

90000
0.941939685402
0.821961727282
0.815800020038
0.849063220118
0.986123634906
0.95311091073
0.704588718565
0.834084761046
0.8859833684
0.952960625188
0.957369001102
0.876615569582
0.922903516682
0.953211101092
0.961627091474
0.995341148182
0.967087466186
0.980462879471
0.909928864843
0.870604147881
0.973098887887
0.934575693818
0.967688608356
0.872056908125
0.957419096283
0.747119527101
0.969241558962
0.769662358481
0.930818555255
0.94714958421
0.974902314397
0.924456467288
0.818104398357
0.816801923655
0.881424706943
0.988878869853
0.939134355275
0.861887586414
0.959222522793
0.875162809338
0.906239354774

100000
0.941839495041
0.821661156197
0.818254683899
0.85151788398
0.986824967438
0.954814146879
0.705690812544
0.833183047791
0.883779180443
0.951407674582
0.958170523996
0.872257288849
0.923504658852
0.950856627592
0.959523093878
0.995441338543
0.966035467388
0.980262498748
0.909327722673
0.870353671977
0.972547840898
0.935727882978
0.967738703537
0.872708145476
0.958621380623
0.750726380122
0.968640416792
0.769512072939
0.932020839595
0.94890291554
0.975854122833
0.925207895001
0.818354874261
0.816150686304
0.882576896103
0.988928965034
0.938483117924
0.861937681595
0.95962328424
0.874862238253
0.906345807033
