60000
0.950305580603
0.837992185152
0.822112012824
0.851618074341
0.989379821661
0.96137661557
0.71676184751
0.84620779481
0.900911732291
0.960174331229
0.962628995091
0.880723374411
0.927612463681
0.958020238453
0.963680993888
0.997194669873
0.974952409578
0.982817352971
0.915439334736
0.879320709348
0.98216611562
0.939184450456
0.969241558962
0.874461476806
0.963380422803
0.752780282537
0.970794509568
0.779130347661
0.939234545637
0.953211101092
0.979010119227
0.93111912634
0.839144374311
0.839394850215
0.908175533514
0.991734295161
0.945145776976
0.86639615269
0.965334134856
0.887987175634
0.913906422202

70000
0.950505961327
0.837942089971
0.823715058611
0.850115218916
0.98872858431
0.96137661557
0.717112513776
0.840697324917
0.900460875664
0.960875663761
0.962979661357
0.889339745516
0.926410179341
0.956266907124
0.963881374612
0.997144574692
0.974752028855
0.982667067428
0.915188858832
0.878669471997
0.982516781886
0.940486925158
0.9691413686
0.874561667168
0.963630898708
0.753832281335
0.971646127643
0.778879871756
0.93943492636
0.952760244464
0.97860935778
0.931069031159
0.838643422503
0.841649133353
0.909077246769
0.991634104799
0.944995491434
0.866295962328
0.965684801122
0.887335938283
0.91401788398

80000
0.950405770965
0.836890091173
0.824366295962
0.851718264703
0.988979060214
0.961677186655
0.719166416191
0.83313295261
0.900561066025
0.960975854123
0.96197775774
0.884280132251
0.927612463681
0.957118525198
0.963731089069
0.996894098788
0.975904218014
0.982366496343
0.917643522693
0.878919947901
0.981715258992
0.939735497445
0.969091273419
0.874261096083
0.963330327622
0.753932471696
0.970143272217
0.777978158501
0.940436829977
0.954563670975
0.978960024046
0.929916842
0.838142470694
0.840797515279
0.909277627492
0.991533914437
0.941889590221
0.865694820158
0.965133754133
0.887586414187
0.913711050997

90000
0.950055104699
0.839344755035
0.822212203186
0.850115218916
0.98932972648
0.961176234846
0.719967939084
0.838543232141
0.899458972047
0.960575092676
0.963230137261
0.885833082857
0.924857228735
0.957769762549
0.964131850516
0.99704438433
0.975904218014
0.983318304779
0.915890191364
0.879020138263
0.983067828875
0.939334735998
0.96974251077
0.875814046689
0.963680993888
0.747921049995
0.970594128845
0.778078348863
0.939885782988
0.952309387837
0.978909928865
0.930117222723
0.835337140567
0.835687806833
0.908876866045
0.991934675884
0.9406372107
0.867949103296
0.965634705941
0.886283939485
0.913489379822

100000
0.950505961327
0.839394850215
0.823564773069
0.849614267108
0.988578298768
0.961326520389
0.715810039074
0.838843803226
0.900561066025
0.959723474602
0.963029756537
0.887987175634
0.928113415489
0.95546538423
0.964031660154
0.996944193969
0.973700030057
0.982967638513
0.915990381725
0.877116521391
0.982416591524
0.939585211903
0.96969241559
0.875463380423
0.963530708346
0.757038372909
0.971445746919
0.775273018736
0.939985973349
0.95311091073
0.978759643322
0.929616270915
0.839745516481
0.842250275523
0.910079150386
0.991433724076
0.944344254083
0.8681995792
0.965885181846
0.886985272017
0.913952760244

60000
0.948101392646
0.834435427312
0.824867247771
0.853822262298
0.989429916842
0.961927662559
0.715860134255
0.845105700832
0.902063921451
0.958571285442
0.963330327622
0.896002404569
0.92636008416
0.958170523996
0.964181945697
0.996944193969
0.974351267408
0.982717162609
0.917994188959
0.878418996093
0.981214307184
0.939234545637
0.96969241559
0.874511571987
0.962879470995
0.757539324717
0.970143272217
0.77908025248
0.938382927562
0.952910530007
0.979761546939
0.930818555255
0.837340947801
0.840396753832
0.908225628695
0.99108305781
0.94239054203
0.864642821361
0.967438132452
0.885933273219
0.914156898106

70000
0.948602344454
0.833583809238
0.826269912834
0.853221120128
0.989480012023
0.96197775774
0.715459372808
0.843151988779
0.902414587717
0.958220619176
0.963430517984
0.893798216612
0.927712654043
0.958270714357
0.96438232642
0.996944193969
0.974902314397
0.982516781886
0.917944093778
0.877867949103
0.981414687907
0.939785592626
0.969792605951
0.872858431019
0.962328424006
0.75949303677
0.970443843302
0.777727682597
0.938533213105
0.954012623986
0.980112213205
0.930167317904
0.836539424907
0.836339044184
0.908776675684
0.991233343352
0.942641017934
0.865945296063
0.967488227633
0.886183749123
0.914049193468

80000
0.948051297465
0.834735998397
0.826520388739
0.852770263501
0.989480012023
0.962228233644
0.716661657149
0.843352369502
0.901663160004
0.959973950506
0.963129946899
0.894399358782
0.926059513075
0.958370904719
0.964282136059
0.996894098788
0.974401362589
0.983067828875
0.919046187757
0.879220518986
0.981715258992
0.940236449254
0.969592225228
0.874211000902
0.962879470995
0.75949303677
0.970644224026
0.777777777778
0.938984069732
0.954463480613
0.97981164212
0.930718364893
0.838192565875
0.837190662258
0.908325819056
0.991133152991
0.940537020339
0.865093677988
0.967688608356
0.885833082857
0.914220769462

90000
0.947850916742
0.835838092376
0.826520388739
0.851968740607
0.989630297565
0.96257889991
0.715960324617
0.848111411682
0.901963731089
0.958721570985
0.963029756537
0.89610259493
0.926911131149
0.958571285442
0.964732992686
0.996944193969
0.97445145777
0.983017733694
0.918745616672
0.879370804529
0.981464783088
0.940286544434
0.969391844505
0.874411381625
0.96318004208
0.758941989781
0.970243462579
0.77732692115
0.938783689009
0.952910530007
0.979911832482
0.931018935978
0.837340947801
0.837340947801
0.907023344354
0.99168419998
0.942039875764
0.865995391243
0.967538322813
0.885883178038
0.914343502655

