60000
0.945195872157
0.828624386334
0.816952209197
0.848912934576
0.989029155395
0.956918144475
0.713706041479
0.836138663461
0.899559162409
0.954914337241
0.960524997495
0.889790602144
0.923604849214
0.955315098688
0.961827472197
0.995441338543
0.973649934876
0.981715258992
0.912533814247
0.87350966837
0.976805931269
0.935327121531
0.967187656547
0.873359382827
0.959472998698
0.756136659653
0.968590321611
0.774020639215
0.936980262499
0.949854723976
0.979160404769
0.925107704639
0.833984570684
0.835337140567
0.897755735898
0.990181344555
0.936779881775
0.865744915339
0.96498346859
0.879871756337
0.910612664062

70000
0.944143873359
0.826169722473
0.819607253782
0.848762649033
0.989780583108
0.958771666166
0.71140166316
0.83668971045
0.898256687707
0.956467287847
0.961226330027
0.887235747921
0.923103897405
0.954363290251
0.959873760144
0.995391243362
0.973048792706
0.980312593928
0.913585813045
0.873710049093
0.976906121631
0.935828073339
0.967588417994
0.872808335838
0.958521190261
0.756938182547
0.96974251077
0.772818354874
0.938282737201
0.950856627592
0.979160404769
0.925458370905
0.832581905621
0.832131048993
0.899458972047
0.98988077347
0.938683498647
0.868249674381
0.964632802324
0.879320709348
0.910543783188

80000
0.944444444444
0.82777276826
0.819156397155
0.847460174331
0.989379821661
0.957018334836
0.71320508967
0.836038473099
0.899108305781
0.95666766857
0.961025949304
0.888888888889
0.919697425108
0.955265003507
0.962879470995
0.995291053001
0.97324917343
0.981364592726
0.911682196173
0.872708145476
0.977106502354
0.936529405871
0.968089369803
0.87175633704
0.9584209999
0.755034565675
0.969191463781
0.771866546438
0.937581404669
0.951758340848
0.978709548141
0.924506562469
0.835587616471
0.834836188759
0.89845706843
0.990181344555
0.934776074542
0.867247770764
0.964833183048
0.877517282837
0.91040727382

90000
0.944294158902
0.828724576696
0.818705540527
0.849113315299
0.989980963831
0.958070333634
0.713355375213
0.840947800822
0.898156497345
0.955816050496
0.961326520389
0.890842600942
0.922502755235
0.955014527602
0.962729185452
0.995291053001
0.971746318004
0.981314497545
0.911832481715
0.872858431019
0.976755836089
0.934926360084
0.967538322813
0.872808335838
0.958821761347
0.755184851217
0.968189560164
0.770413786194
0.936679691414
0.949604248071
0.979060214407
0.926159703437
0.830227432121
0.834886283939
0.8967037371
0.990381725278
0.938683498647
0.86814948402
0.965634705941
0.876615569582
0.910501202284

100000
0.944544634806
0.826420198377
0.817803827272
0.84856226831
0.989229536119
0.957669572187
0.711902614968
0.838994088769
0.899108305781
0.953812243262
0.961076044485
0.888488127442
0.923003707043
0.956216811943
0.963280232442
0.995190862639
0.974401362589
0.981715258992
0.911431720269
0.874511571987
0.976705740908
0.934425408276
0.968840797515
0.871205290051
0.959222522793
0.753732090973
0.969592225228
0.772467688608
0.936880072137
0.950405770965
0.978759643322
0.924256086564
0.830578098387
0.833082857429
0.899158400962
0.990281534916
0.936278929967
0.868550245466
0.965334134856
0.87766756838
0.910369702435
