60000
0.941689209498
0.829175433323
0.817202685102
0.846608556257
0.988377918044
0.958671475804
0.708746618575
0.835236950205
0.898507163611
0.955966336038
0.961727281835
0.888788698527
0.923504658852
0.954162909528
0.961777377016
0.995441338543
0.971545937281
0.98041278429
0.910179340747
0.872107003306
0.976956216812
0.934525598637
0.967538322813
0.868900911732
0.959122332432
0.754683899409
0.969441939685
0.772367498247
0.934926360084
0.949654343252
0.977557358982
0.92340446849
0.832882476706
0.833834285142
0.899458972047
0.990231439735
0.938032261296
0.865243963531
0.964883278229
0.878168520188
0.909791103096

70000
0.94239054203
0.829626289951
0.819657348963
0.844704939385
0.98812744214
0.960274521591
0.710750425809
0.832832381525
0.897505259994
0.954463480613
0.960274521591
0.883678990081
0.925057609458
0.954313195071
0.962077948101
0.994940386735
0.971696222823
0.979410880673
0.909828674482
0.873108906923
0.978258691514
0.933974551648
0.968289750526
0.868850816551
0.958471095081
0.754433423505
0.96969241559
0.770463881375
0.935126740808
0.950806532412
0.977757739705
0.923354373309
0.831830477908
0.830077146578
0.900510970845
0.990131249374
0.93703035768
0.866295962328
0.964332231239
0.876866045486
0.909531860535

80000
0.942791303477
0.830528003206
0.818705540527
0.84560665264
0.988478108406
0.959923855325
0.710650235447
0.832932571887
0.895802023845
0.956968239655
0.961025949304
0.886484320208
0.920749423905
0.952810339645
0.962128043282
0.995090672277
0.971596032462
0.979310690312
0.910129245567
0.870854623785
0.97800821561
0.934425408276
0.967888989079
0.868951006913
0.9584209999
0.755084660856
0.969091273419
0.771616070534
0.935026550446
0.950355675784
0.977958120429
0.923053802224
0.832281334536
0.829225528504
0.900410780483
0.990431820459
0.933173028755
0.866045486424
0.964282136059
0.876715759944
0.909375313095

90000
0.941538923956
0.831980763451
0.815950305581
0.844003606853
0.988828774672
0.960124236048
0.709197475203
0.837992185152
0.896002404569
0.955064622783
0.960775473399
0.887937080453
0.923855325118
0.953812243262
0.961727281835
0.995541528905
0.970443843302
0.980262498748
0.909628293758
0.871806432221
0.976455265004
0.933774170925
0.968239655345
0.868349864743
0.959072237251
0.750726380122
0.968840797515
0.770714357279
0.933373409478
0.94835186855
0.97745716862
0.921550946799
0.828924957419
0.832231239355
0.89785592626
0.989980963831
0.93527702635
0.866496343052
0.964883278229
0.877116521391
0.90915364192

100000
0.942741208296
0.828524195972
0.814848211602
0.842350465885
0.988327822863
0.95962328424
0.709147380022
0.835036569482
0.89665364192
0.955164813145
0.96082556858
0.887937080453
0.923103897405
0.954914337241
0.962128043282
0.995291053001
0.971295461377
0.981264402364
0.907774772067
0.870854623785
0.978459072237
0.933273219116
0.968440036069
0.868550245466
0.959122332432
0.751527903016
0.968189560164
0.771465784991
0.933874361286
0.948051297465
0.977507263801
0.922502755235
0.824366295962
0.827722673079
0.897054403366
0.990281534916
0.933974551648
0.867347961126
0.964232040878
0.876565474401
0.908757889991
