50000
0.881725278028
0.715258992085
0.582757238754
0.793758140467
0.977958120429
0.811792405571
0.673179040176
0.781084059713
0.727231740307
0.865644724977
0.940537020339
0.797364993488
0.870303576796
0.9429916842
0.953812243262
0.933323314297
0.945245967338
0.966636609558
0.599539124336
0.566125638714
0.62353471596
0.765905219918
0.960875663761
0.837992185152
0.778729586214
0.704388337842
0.95781985773
0.714607754734
0.914136860034
0.928263701032
0.942039875764
0.686103596834
0.791053000701
0.698527201683
0.797966135658
0.886133653942
0.507063420499
0.862087967138
0.929916842
0.711802424607
0.808130447851

60000
0.940136258892
0.813495641719
0.809137360986
0.84560665264
0.977807834886
0.908125438333
0.711702234245
0.825819056207
0.781184250075
0.902514778078
0.959823664963
0.81529906823
0.901362588919
0.936178739605
0.947299869753
0.994990481916
0.963430517984
0.969842701132
0.902314397355
0.863139965935
0.962829375814
0.92876465284
0.968139464983
0.87230738403
0.952309387837
0.74170924757
0.969091273419
0.762248271716
0.915589620279
0.946247870955
0.973148983068
0.913485622683
0.791303476606
0.695721871556
0.81885582607
0.949704438433
0.924105801022
0.862087967138
0.929916842
0.866496343052
0.887831880573

70000
0.939685402264
0.809437932071
0.809237551348
0.845306081555
0.977507263801
0.907223725078
0.709197475203
0.823314297165
0.781234345256
0.9014126841
0.959573189059
0.812092976656
0.898206592526
0.931269411883
0.950355675784
0.994990481916
0.963129946899
0.970544033664
0.90381725278
0.863039775574
0.962278328825
0.927612463681
0.967488227633
0.872207193668
0.950756437231
0.742911531911
0.968740607154
0.761496844004
0.916040476906
0.945847109508
0.972798316802
0.910980863641
0.791353571786
0.696823965535
0.822512774271
0.954964432422
0.924656848011
0.862087967138
0.929966937181
0.864642821361
0.887418595331

80000
0.939485021541
0.813044785092
0.807684600741
0.844604749023
0.977306883078
0.905520488929
0.708546237852
0.810339645326
0.77792806332
0.90261496844
0.95902214207
0.809938883879
0.899258591324
0.93587816852
0.948251678189
0.994940386735
0.964432421601
0.970043081856
0.902915539525
0.862889490031
0.959873760144
0.929666366096
0.967688608356
0.872207193668
0.952159102294
0.74406372107
0.968490131249
0.762097986174
0.915840096183
0.946398156497
0.972597936079
0.909427913035
0.791103095882
0.699178439034
0.822011822463
0.957719667368
0.919697425108
0.862087967138
0.929916842
0.862188157499
0.88697650536

90000
0.902815349163
0.786995291053
0.68765654744
0.815399258591
0.977807834886
0.910680292556
0.677387035367
0.78624386334
0.737851918645
0.876665664763
0.949854723976
0.810389740507
0.880172327422
0.902464682898
0.942240256487
0.977056407174
0.953812243262
0.967588417994
0.722472698126
0.678038272718
0.883278228634
0.482867448151
0.961025949304
0.862488728584
0.873960524997
0.704789099289
0.961777377016
0.718765654744
0.914036669672
0.92931569983
0.952609958922
0.688908926961
0.78980062118
0.641568981064
0.802725177838
0.940386734796
0.73159002104
0.862087967138
0.929916842
0.821911632101
0.834935126741

100000
0.905821060014
0.713355375213
0.531409678389
0.797114517583
0.973449554153
0.707544334235
0.6733794209
0.736799919848
0.724777076445
0.773319306683
0.914838192566
0.785191864543
0.870403767158
0.942340446849
0.952710149284
0.882827372007
0.955715860134
0.961076044485
0.684951407675
0.748121430718
0.747520288548
0.839444945396
0.958370904719
0.835888187556
0.9121330528
0.704388337842
0.966586514377
0.714056707745
0.913635908226
0.928263701032
0.96558461076
0.782837391043
0.777026350065
0.625538523194
0.792455665765
0.941889590221
0.767909027152
0.862087967138
0.929966937181
0.701583007715
0.822557859934
