60000
0.946598537221
0.831429716461
0.820759442942
0.848462077948
0.988277727683
0.957970143272
0.712503757139
0.837090471897
0.898056306983
0.956116621581
0.962178138463
0.887335938283
0.923354373309
0.955615669773
0.961276425208
0.995792004809
0.973599839695
0.981164212003
0.913235146779
0.872207193668
0.977306883078
0.93232141068
0.968590321611
0.87115519487
0.960524997495
0.755836088568
0.967838893898
0.771716260896
0.936529405871
0.951708245667
0.978909928865
0.922853421501
0.833834285142
0.833333333333
0.900010019036
0.990381725278
0.937681595031
0.865294058712
0.965284039675
0.879220518986
0.910583859333

70000
0.945746919146
0.828424005611
0.820609157399
0.847911030959
0.989029155395
0.958320809538
0.712203186054
0.831730287546
0.898106402164
0.953511672177
0.961727281835
0.884881274421
0.924055705841
0.954463480613
0.960274521591
0.995641719267
0.973399458972
0.980663260194
0.911982767258
0.871105099689
0.977557358982
0.932271315499
0.969041178239
0.871505861136
0.960174331229
0.75413285242
0.967888989079
0.768760645226
0.934826169722
0.952159102294
0.979260595131
0.92220218415
0.833433523695
0.831279430919
0.900911732291
0.990181344555
0.937330928765
0.865544534616
0.965233944495
0.876815950306
0.909857479211

80000
0.946047490231
0.830978859834
0.819356777878
0.846558461076
0.988478108406
0.958370904719
0.712353471596
0.832181144174
0.896854022643
0.956417192666
0.962027852921
0.883428514177
0.918695521491
0.952609958922
0.960975854123
0.995341148182
0.972547840898
0.982015830077
0.911782386534
0.872056908125
0.977857930067
0.933173028755
0.968490131249
0.87170624186
0.960625187857
0.750726380122
0.969642320409
0.771766356077
0.937681595031
0.952309387837
0.97860935778
0.922252279331
0.836489329726
0.831730287546
0.900310590121
0.990231439735
0.934425408276
0.866496343052
0.965634705941
0.876916140667
0.909903817253

90000
0.94594729987
0.830628193568
0.81885582607
0.846007414087
0.989029155395
0.959372808336
0.709548141469
0.837441138163
0.896503356377
0.954613766156
0.962378519186
0.886434225028
0.922152088969
0.95546538423
0.959973950506
0.995190862639
0.972447650536
0.981514878269
0.911481815449
0.870403767158
0.978509167418
0.931920649234
0.969191463781
0.870103196073
0.960474902314
0.749724476505
0.967488227633
0.769762548843
0.936529405871
0.951357579401
0.978509167418
0.922302374512
0.83077847911
0.833433523695
0.899759543132
0.990431820459
0.936930167318
0.866145676786
0.966586514377
0.873910429817
0.909730988879

100000
