50000
0.943743111913
0.827872958621
0.813595832081
0.844153892396
0.988878869853
0.955866145677
0.701082055906
0.836188758641
0.891694219016
0.953211101092
0.959573189059
0.887436128644
0.923755134756
0.956868049294
0.963079851718
0.995441338543
0.967838893898
0.982566877066
0.907273820258
0.871055004509
0.976956216812
0.930918745617
0.96793908426
0.868900911732
0.960575092676
0.745316100591
0.966586514377
0.770564071736
0.934525598637
0.94835186855
0.977206692716
0.923153992586
0.825518485122
0.832732191163
0.896553451558
0.990131249374
0.936729786595
0.862438633403
0.96498346859
0.875413285242
0.908166766857

60000
0.946398156497
0.830227432121
0.821911632101
0.849914838193
0.988277727683
0.959573189059
0.71080052099
0.834836188759
0.895451357579
0.955665764953
0.960575092676
0.884029656347
0.92280332632
0.956216811943
0.962178138463
0.995741909628
0.972197174632
0.982065925258
0.912934575694
0.873058811742
0.978258691514
0.934275122733
0.968289750526
0.872557859934
0.960675283038
0.752479711452
0.968890892696
0.772217212704
0.936028454063
0.951207293858
0.977958120429
0.927462178138
0.833483618876
0.834435427312
0.901112113015
0.990582106001
0.942540827572
0.862689109308
0.965484420399
0.881324516582
0.91067027352

70000
0.945596633604
0.830528003206
0.823664963431
0.848963029757
0.987726680693
0.958921951708
0.71080052099
0.83313295261
0.895451357579
0.957068430017
0.960775473399
0.886834986474
0.922352469692
0.95546538423
0.961326520389
0.995741909628
0.971646127643
0.981965734896
0.912984670875
0.872858431019
0.978158501152
0.93467588418
0.967788798718
0.872658050296
0.961476805931
0.754884280132
0.968339845707
0.773720068129
0.935126740808
0.951407674582
0.977857930067
0.927862939585
0.833032762248
0.835938282737
0.899609257589
0.990532010821
0.940186354073
0.862939585212
0.965133754133
0.880923755135
0.910651487827

80000
0.947500250476
0.830477908025
0.82481715259
0.84796112614
0.988428013225
0.959172427612
0.711702234245
0.825718865845
0.895351167218
0.956868049294
0.959823664963
0.886384129847
0.92280332632
0.954513575794
0.960775473399
0.995541528905
0.973349363791
0.981214307184
0.912583909428
0.871555956317
0.977707644525
0.935176835988
0.968139464983
0.87115519487
0.96022442641
0.752629996994
0.9691413686
0.774020639215
0.934525598637
0.95130748422
0.978408977056
0.926109608256
0.830628193568
0.83313295261
0.90081154193
0.990632201182
0.936980262499
0.863841298467
0.966285943292
0.881775373209
0.910229435928

90000
0.946297966136
0.832131048993
0.821009918846
0.848662458671
0.989129345757
0.959873760144
0.713906422202
0.829776575493
0.896954213005
0.957369001102
0.962278328825
0.888788698527
0.920699328725
0.955365193868
0.96137661557
0.996042480713
0.97324917343
0.981464783088
0.914738002204
0.872658050296
0.978408977056
0.935126740808
0.968039274622
0.871555956317
0.960875663761
0.752930568079
0.968790702334
0.774571686204
0.935427311893
0.95070634205
0.977857930067
0.926109608256
0.830728383929
0.831079050195
0.90026049494
0.990982867448
0.938282737201
0.864392345456
0.965634705941
0.878919947901
0.910561316501

100000
0.946147680593
0.831479811642
0.821460775473
0.84796112614
0.987977156598
0.957970143272
0.71315499449
0.832481715259
0.895701833484
0.957369001102
0.961877567378
0.8859833684
0.922152088969
0.953361386635
0.961176234846
0.995741909628
0.972547840898
0.98161506863
0.912834385332
0.871305480413
0.977958120429
0.934826169722
0.967388037271
0.8729085262
0.960474902314
0.753331329526
0.968440036069
0.771565975353
0.935026550446
0.951507864943
0.978308786695
0.925708846809
0.832431620078
0.836589520088
0.901963731089
0.990131249374
0.937481214307
0.86399158401
0.96553451558
0.88122432622
0.910427311893
