50000
0.942741208296
0.749574190963
0.79986975253
0.828824767057
0.978809738503
0.844654844204
0.705340146278
0.83553752129
0.76605550546
0.877366997295
0.955966336038
0.821410680293
0.875363190061
0.949003105901
0.95902214207
0.982667067428
0.969291654143
0.970093177036
0.875212904519
0.863741108105
0.94714958421
0.932521791404
0.966887085462
0.850716361086
0.957168620379
0.729736499349
0.968440036069
0.758541228334
0.915188858832
0.934275122733
0.974050696323
0.917292856427
0.789750525999
0.695321110109
0.820909728484
0.957970143272
0.918194569682
0.861837491233
0.929966937181
0.851267408075
0.880693317303

60000
0.889490031059
0.715158801723
0.501152189159
0.753681995792
0.978809738503
0.844254082757
0.673028754634
0.752830377718
0.728233643923
0.866546438233
0.932121029957
0.819957920048
0.867698627392
0.939985973349
0.949954914337
0.855124737
0.851918645426
0.96022442641
0.593728083358
0.519086263901
0.452660054103
0.49048191564
0.947951107103
0.851317503256
0.641068029256
0.704388337842
0.956216811943
0.709998998096
0.915138763651
0.928263701032
0.898507163611
0.491283438533
0.790101192265
0.636509367799
0.793257188658
0.957970143272
0.476906121631
0.862087967138
0.929916842
0.419547139565
0.771163961527

70000
0.890191363591
0.715309087266
0.502504759042
0.756387135558
0.978759643322
0.844254082757
0.67222723174
0.742210199379
0.727081454764
0.866496343052
0.92460675283
0.820158300771
0.868299769562
0.934525598637
0.950756437231
0.867748722573
0.852619977958
0.957569381825
0.593677988178
0.51838493137
0.457168620379
0.492084961427
0.946748822763
0.851217312894
0.655345155796
0.704388337842
0.956717763751
0.710750425809
0.915138763651
0.928263701032
0.891744314197
0.492485722873
0.790101192265
0.63716060515
0.79335737902
0.957970143272
0.47740707344
0.862087967138
0.929916842
0.444845205891
0.7719667368

80000
0.887937080453
0.715359182447
0.502003807234
0.749824666867
0.978759643322
0.844254082757
0.67282837391
0.729686404168
0.727331930668
0.866295962328
0.921550946799
0.820008015229
0.867798817754
0.934425408276
0.949203486625
0.836639615269
0.843151988779
0.946197775774
0.594229035167
0.518935978359
0.434525598637
0.490632201182
0.94714958421
0.851167217714
0.636910129246
0.704388337842
0.956266907124
0.709898807735
0.915138763651
0.928263701032
0.900360685302
0.493187055405
0.790101192265
0.636759843703
0.79335737902
0.957970143272
0.477857930067
0.862087967138
0.929916842
0.401763350366
0.768103145977

90000
0.889840697325
0.715108706542
0.502705139766
0.754483518686
0.978759643322
0.844254082757
0.672878469091
0.723624887286
0.727983168019
0.866295962328
0.931419697425
0.820308586314
0.867047390041
0.935828073339
0.948301773369
0.851367598437
0.85392245266
0.953862338443
0.594329225529
0.51958721571
0.446598537221
0.494138863841
0.947249774572
0.850866646629
0.635357178639
0.704388337842
0.956617573389
0.711151187256
0.915138763651
0.928263701032
0.901011922653
0.492385532512
0.790101192265
0.637260795511
0.793207093478
0.957519286645
0.47860935778
0.862087967138
0.929916842
0.439384831179
0.770579100291

100000
0.891994790101
0.715409277627
0.502805330127
0.740557058411
0.978759643322
0.844254082757
0.672527802825
0.738052299369
0.72622983669
0.866045486424
0.920749423905
0.820308586314
0.868399959924
0.932571886585
0.950155295061
0.862338443042
0.839745516481
0.952860434826
0.594529606252
0.518735597636
0.448051297465
0.495942290352
0.943693016732
0.850816551448
0.635006512374
0.704388337842
0.956617573389
0.70904718966
0.915138763651
0.928263701032
0.89605249975
0.493387436129
0.790101192265
0.637561366597
0.79335737902
0.957469191464
0.478058310791
0.862087967138
0.929916842
0.444995491434
0.770174581705
