50000
0.942190161306
0.823113916441
0.814497545336
0.843452559864
0.986173730087
0.957018334836
0.706943192065
0.821961727282
0.891543933474
0.944945396253
0.959523093878
0.872407574391
0.923654944394
0.953712052901
0.960374711953
0.994740006011
0.966937180643
0.974351267408
0.907524296163
0.865644724977
0.972798316802
0.930367698627
0.968389940888
0.865143773169
0.957769762549
0.734896302976
0.959923855325
0.76009417894
0.930017032361
0.94178939986
0.974050696323
0.918094379321
0.812994689911
0.813796212804
0.892646027452
0.988027251778
0.93051798417
0.863039775574
0.961877567378
0.86699729486
0.903848562268

60000
0.942290351668
0.824015629696
0.82005811041
0.845556557459
0.985221921651
0.956817954113
0.708946999299
0.820959823665
0.891844504559
0.95306081555
0.959873760144
0.870053100892
0.922953611863
0.954413385432
0.961326520389
0.994840196373
0.965183849314
0.979661356577
0.908876866045
0.870253481615
0.97324917343
0.931970744414
0.968289750526
0.866145676786
0.958370904719
0.74226029456
0.967037371005
0.759192465685
0.933523695021
0.947850916742
0.974401362589
0.918094379321
0.81770363691
0.821961727282
0.895601643122
0.989129345757
0.935928263701
0.862488728584
0.963580803527
0.872607955115
0.905889940888

70000
0.943342350466
0.824716962228
0.819056206793
0.846458270714
0.985873159002
0.955966336038
0.709748522192
0.822112012824
0.892145075644
0.954062719166
0.957318905921
0.873108906923
0.92220218415
0.954162909528
0.960925758942
0.994389339746
0.968289750526
0.978108405971
0.906372107003
0.870604147881
0.97269812644
0.930818555255
0.968490131249
0.867197675584
0.959272617974
0.740757439134
0.966386133654
0.75834084761
0.932471696223
0.944294158902
0.975804027653
0.920699328725
0.816701733293
0.822562869452
0.893397455165
0.989630297565
0.93703035768
0.863089870754
0.963230137261
0.873108906923
0.905873659954

80000
0.9429916842
0.825718865845
0.817453161006
0.847209698427
0.985372207194
0.957018334836
0.709347760745
0.826219817654
0.892044885282
0.953211101092
0.958821761347
0.878819757539
0.921901613065
0.955515479411
0.961276425208
0.994840196373
0.966636609558
0.979861737301
0.906322011822
0.870453862338
0.973349363791
0.932421601042
0.967438132452
0.866596533413
0.959923855325
0.741058010219
0.967287846909
0.75773970544
0.932772267308
0.947500250476
0.975553551748
0.920348662459
0.820508967037
0.824316200781
0.896002404569
0.989480012023
0.938382927562
0.862388538223
0.963731089069
0.872157098487
0.906499849714

90000
0.942891493838
0.826820959824
0.819056206793
0.846508365895
0.986073539725
0.957669572187
0.709898807735
0.824366295962
0.892395551548
0.952860434826
0.958871856527
0.873810239455
0.922302374512
0.954964432422
0.960775473399
0.995040577096
0.967588417994
0.978909928865
0.907724676886
0.870453862338
0.973700030057
0.931569982968
0.967688608356
0.86699729486
0.959723474602
0.742911531911
0.967187656547
0.758190562068
0.933323314297
0.948401963731
0.975453361387
0.921701232341
0.818655445346
0.823214106803
0.89550145276
0.989279631299
0.937932070935
0.863039775574
0.963981564973
0.874160905721
0.906539925859

100000
0.943442540828
0.82601943693
0.819106301974
0.846758841799
0.985973349364
0.957419096283
0.70899709448
0.824767057409
0.893247169622
0.952609958922
0.958721570985
0.877918044284
0.921901613065
0.954964432422
0.960775473399
0.99403867348
0.967388037271
0.979410880673
0.906923153993
0.870403767158
0.974100791504
0.931770363691
0.967738703537
0.867097485222
0.960374711953
0.741809437932
0.968139464983
0.758791704238
0.932822362489
0.948401963731
0.975703837291
0.920749423905
0.820108205591
0.824767057409
0.896353070835
0.989079250576
0.938332832382
0.863240156297
0.964332231239
0.87230738403
0.906670173329
