50000
0.935327121531
0.813345356177
0.807183648933
0.840997896002
0.986123634906
0.95010519988
0.702584911332
0.820408776676
0.886784891293
0.953912433624
0.954663861337
0.870053100892
0.91924656848
0.949103296263
0.958070333634
0.990331630097
0.966185752931
0.977206692716
0.895150786494
0.85808035267
0.967187656547
0.916040476906
0.965434325218
0.864292155095
0.951658150486
0.739855725879
0.964282136059
0.76184751027
0.931920649234
0.942089970945
0.974802124036
0.911682196173
0.814848211602
0.812193167017
0.883278228634
0.986674681896
0.933373409478
0.861987776776
0.959172427612
0.860635206893
0.900953060816

60000
0.938082356477
0.816551447751
0.809788598337
0.843753130949
0.986374110811
0.951858531209
0.705139765555
0.818455064623
0.889439935878
0.953361386635
0.956717763751
0.872557859934
0.915790001002
0.948752629997
0.957769762549
0.991383628895
0.969241558962
0.978308786695
0.901262398557
0.86043482617
0.968940987877
0.925708846809
0.966336038473
0.866796914137
0.952459673379
0.739705440337
0.967838893898
0.763350365695
0.933122933574
0.947650536018
0.975954313195
0.912884480513
0.814547640517
0.813245165815
0.886183749123
0.987175633704
0.933122933574
0.86399158401
0.958270714357
0.863540727382
0.902646277928

70000
0.937881975754
0.81945696824
0.812994689911
0.84385332131
0.986424205991
0.952409578199
0.704087766757
0.818605350165
0.890592125038
0.951708245667
0.956517383028
0.87175633704
0.917342951608
0.947951107103
0.957419096283
0.991383628895
0.968991083058
0.977607454163
0.901763350366
0.861937681595
0.969542130047
0.925809037171
0.965935277026
0.866796914137
0.951858531209
0.745065624687
0.968139464983
0.762348462078
0.93292255285
0.946097585412
0.974701933674
0.913084861236
0.817603446548
0.815048592325
0.884730988879
0.987225728885
0.933824266106
0.863841298467
0.95902214207
0.864292155095
0.902964382326

80000
0.938683498647
0.81830477908
0.814497545336
0.843602845406
0.986824967438
0.952860434826
0.705740907725
0.818555254984
0.890191363591
0.952760244464
0.956918144475
0.871856527402
0.91689209498
0.948401963731
0.95721871556
0.991784390342
0.969391844505
0.977657549344
0.903065825068
0.861887586414
0.967989179441
0.926861035968
0.96673679992
0.867398056307
0.952259292656
0.743011722272
0.967788798718
0.762949604248
0.933173028755
0.94775072638
0.975152790302
0.913385432321
0.816300971847
0.815399258591
0.887085462379
0.987927061417
0.933373409478
0.862889490031
0.959072237251
0.863490632201
0.903177286845

90000
0.938282737201
0.819657348963
0.8135457369
0.844454463481
0.986273920449
0.95311091073
0.705841098086
0.814848211602
0.890692315399
0.953010720369
0.956517383028
0.872157098487
0.91744314197
0.950305580603
0.958220619176
0.991934675884
0.970493938483
0.978308786695
0.904067728685
0.861136158702
0.969892796313
0.927462178138
0.966085562569
0.867398056307
0.953411481815
0.740957819858
0.967738703537
0.764302174131
0.933122933574
0.946949203487
0.976004408376
0.914287145577
0.816300971847
0.81469792606
0.887386033464
0.987776775874
0.933874361286
0.863841298467
0.958972046889
0.864141869552
0.90337265805
