50000
0.942941589019
0.765354172929
0.808436028454
0.843402464683
0.987776775874
0.955565574592
0.694469492035
0.835186855025
0.884931369602
0.94950405771
0.949403867348
0.874211000902
0.91032962629
0.953962528805
0.961126139665
0.991634104799
0.970544033664
0.977707644525
0.8967037371
0.842801322513
0.978158501152
0.92160104198
0.968440036069
0.85687806833
0.96022442641
0.714156898106
0.959723474602
0.727933072838
0.931820458872
0.94955415289
0.976705740908
0.866696723775
0.817052399559
0.769211501854
0.891243362389
0.987476204789
0.940236449254
0.862087967138
0.955615669773
0.836940186354
0.896693718064

60000
0.943642921551
0.747820859633
0.814848211602
0.844053702034
0.988478108406
0.956517383028
0.701182246268
0.833583809238
0.892195170825
0.941989780583
0.953161005911
0.87586414187
0.912283338343
0.953261196273
0.962378519186
0.994740006011
0.970093177036
0.979511071035
0.887586414187
0.835036569482
0.980512974652
0.917342951608
0.968590321611
0.865043582807
0.960675283038
0.712102995692
0.961176234846
0.751427712654
0.933874361286
0.950505961327
0.976505360184
0.895000500952
0.823264201984
0.781234345256
0.897906021441
0.989029155395
0.937831880573
0.862087967138
0.962228233644
0.822863440537
0.898435777978

70000
0.945045586615
0.757990181345
0.815248973049
0.846658651438
0.988327822863
0.957920048091
0.701983769161
0.836990281535
0.892145075644
0.940887686605
0.956166716762
0.878970043082
0.911081054003
0.952660054103
0.961025949304
0.995291053001
0.972197174632
0.979310690312
0.888788698527
0.833533714057
0.979561166216
0.904869251578
0.968991083058
0.866696723775
0.962228233644
0.711251377617
0.961627091474
0.757689610259
0.933673980563
0.949253581805
0.977757739705
0.883879370805
0.825468389941
0.774671876565
0.8967037371
0.989079250576
0.937280833584
0.862087967138
0.96197775774
0.829325718866
0.898657449153

80000
0.944093778179
0.758691513876
0.815399258591
0.848061316501
0.988478108406
0.958170523996
0.704037671576
0.833433523695
0.893146979261
0.941538923956
0.958621380623
0.881975753932
0.919747520289
0.953762148081
0.962729185452
0.995291053001
0.972247269813
0.980462879471
0.901713255185
0.846257889991
0.980362689109
0.913385432321
0.968840797515
0.866796914137
0.962077948101
0.713104899309
0.961576996293
0.760595130748
0.93407474201
0.949754533614
0.977507263801
0.893497645527
0.826871055005
0.785191864543
0.896603546739
0.98932972648
0.938733593828
0.862087967138
0.962027852921
0.832281334536
0.900814046689

90000
0.945195872157
0.755435327122
0.81529906823
0.848963029757
0.988828774672
0.957519286645
0.70488928965
0.832181144174
0.892796312995
0.936379120329
0.959172427612
0.87115519487
0.911131149183
0.952559863741
0.961526901112
0.994990481916
0.971996793908
0.980963831279
0.889790602144
0.832682095982
0.97981164212
0.910780482918
0.968139464983
0.87115519487
0.962278328825
0.708696523394
0.961827472197
0.758140466887
0.934926360084
0.950305580603
0.977607454163
0.88007213706
0.826169722473
0.774271115119
0.897805831079
0.989279631299
0.938132451658
0.862087967138
0.963330327622
0.830578098387
0.898721320509

100000
0.943743111913
0.754784089771
0.8159002104
0.848963029757
0.988678489129
0.958070333634
0.704939384831
0.834435427312
0.89309688408
0.938082356477
0.958821761347
0.876916140667
0.912433623885
0.953962528805
0.962228233644
0.995491433724
0.973449554153
0.980963831279
0.894950405771
0.839795611662
0.979661356577
0.919196473299
0.96854022643
0.868049293658
0.96197775774
0.714758040277
0.963230137261
0.75002504759
0.935026550446
0.950906722773
0.977507263801
0.898707544334
0.826420198377
0.784189960926
0.899609257589
0.989029155395
0.939885782988
0.862087967138
0.964282136059
0.821661156197
0.900111461777
