60000
0.946147680593
0.823715058611
0.822312393548
0.849413886384
0.98872858431
0.957369001102
0.705390241459
0.839495040577
0.894649834686
0.959873760144
0.961276425208
0.885833082857
0.923554754033
0.953712052901
0.961927662559
0.995992385533
0.971946698728
0.980913736099
0.91153191063
0.874010620178
0.977807834886
0.935727882978
0.96854022643
0.871956717764
0.960775473399
0.749073239154
0.967538322813
0.773068830778
0.936228834786
0.951507864943
0.978108405971
0.925859132351
0.831429716461
0.82601943693
0.900410780483
0.990632201182
0.938933974552
0.862538823765
0.965133754133
0.878769662358
0.909946398156

70000
0.945997395051
0.829325718866
0.822162108005
0.85036569482
0.98752629997
0.957168620379
0.705791002906
0.836639615269
0.896904117824
0.959973950506
0.962027852921
0.889690411782
0.922903516682
0.951958721571
0.961777377016
0.995942290352
0.971395651738
0.980863640918
0.911882576896
0.87531309488
0.978408977056
0.934725979361
0.968239655345
0.872207193668
0.961326520389
0.747820859633
0.966636609558
0.772868450055
0.935928263701
0.951808436028
0.977807834886
0.926660655245
0.831680192365
0.831129145376
0.901613064823
0.990381725278
0.938032261296
0.862388538223
0.965183849314
0.87886985272
0.910233193067

80000
0.946197775774
0.824516581505
0.820559062218
0.84976455265
0.987576395151
0.959272617974
0.70549043182
0.834235046589
0.897505259994
0.959873760144
0.961677186655
0.886233844304
0.924757038373
0.95366195772
0.961276425208
0.995741909628
0.971646127643
0.98156497345
0.911932672077
0.875162809338
0.976705740908
0.934575693818
0.968039274622
0.872607955115
0.961727281835
0.747870954814
0.968590321611
0.772918545236
0.935527502254
0.950756437231
0.978058310791
0.925809037171
0.832030858631
0.826871055005
0.902364492536
0.991032962629
0.936629596233
0.862438633403
0.965734896303
0.879270614167
0.909955164813

90000
0.945797014327
0.823314297165
0.821811441739
0.84976455265
0.988327822863
0.957769762549
0.704488528204
0.836940186354
0.896453261196
0.96022442641
0.961526901112
0.891093076846
0.923003707043
0.953912433624
0.961326520389
0.996092575894
0.971445746919
0.981815449354
0.912333433524
0.872557859934
0.977657549344
0.935828073339
0.967989179441
0.872107003306
0.960775473399
0.751628093377
0.968690511973
0.772467688608
0.93708045286
0.951006913135
0.977908025248
0.924957419096
0.831229335738
0.820859633303
0.901663160004
0.990131249374
0.937581404669
0.862889490031
0.964883278229
0.878519186454
0.909896302976

100000
0.946297966136
0.825318104398
0.823164011622
0.849514076746
0.987325919247
0.957769762549
0.707394048693
0.834084761046
0.895401262399
0.95726881074
0.961877567378
0.887386033464
0.92455665765
0.952259292656
0.962779280633
0.995691814447
0.971044985472
0.98101392646
0.910980863641
0.873409478008
0.977958120429
0.935076645627
0.967638513175
0.872758240657
0.961276425208
0.741158200581
0.967438132452
0.774621781385
0.936128644424
0.950806532412
0.97800821561
0.92636008416
0.83313295261
0.834585712854
0.901062017834
0.990682296363
0.938382927562
0.862588918946
0.965634705941
0.880673279231
0.910012774271
