50000
0.943793207093
0.817553351368
0.818705540527
0.847109508065
0.988979060214
0.957469191464
0.708746618575
0.83373409478
0.876164712955
0.95781985773
0.957519286645
0.887235747921
0.922753231139
0.955415289049
0.96197775774
0.995792004809
0.971646127643
0.982216210801
0.9121330528
0.872758240657
0.977507263801
0.929766556457
0.967488227633
0.86995291053
0.96082556858
0.746969241559
0.969341749324
0.772417593428
0.933623885382
0.951006913135
0.977206692716
0.923003707043
0.828924957419
0.816751828474
0.89965935277
0.988928965034
0.936980262499
0.862138062318
0.961777377016
0.862338443042
0.907653291253

60000
0.946798917944
0.820759442942
0.823514677888
0.849463981565
0.989379821661
0.957118525198
0.710600140267
0.835287045386
0.875563570784
0.957920048091
0.960925758942
0.885682797315
0.920599138363
0.955365193868
0.962528804729
0.996343051798
0.973399458972
0.982316401162
0.915038573289
0.875613665965
0.977958120429
0.934826169722
0.967588417994
0.872958621381
0.960925758942
0.745666766857
0.968089369803
0.774721971746
0.935026550446
0.952359483018
0.978058310791
0.923905420299
0.831830477908
0.812092976656
0.899909828674
0.989480012023
0.936529405871
0.862188157499
0.962729185452
0.867197675584
0.908706542431

70000
0.94714958421
0.818555254984
0.820859633303
0.849864743012
0.988928965034
0.956968239655
0.711652139064
0.834786093578
0.876314998497
0.956918144475
0.960875663761
0.888888888889
0.923153992586
0.954363290251
0.962628995091
0.995992385533
0.972197174632
0.982867448151
0.914237050396
0.875763951508
0.978559262599
0.933824266106
0.967688608356
0.872758240657
0.960925758942
0.742059913836
0.967237751728
0.774772066927
0.934174932372
0.952109007114
0.977607454163
0.923705039575
0.832381524897
0.817753732091
0.901312493738
0.989429916842
0.93708045286
0.86223825268
0.963129946899
0.871906622583
0.908840547039

80000
0.947249774572
0.813195070634
0.820408776676
0.850916741809
0.989379821661
0.95781985773
0.710349664362
0.830077146578
0.884280132251
0.956617573389
0.961476805931
0.888087365995
0.922152088969
0.952910530007
0.960074140868
0.995992385533
0.97269812644
0.981765354173
0.912333433524
0.872808335838
0.977958120429
0.935226931169
0.968039274622
0.871205290051
0.96137661557
0.742110009017
0.96793908426
0.774020639215
0.935627692616
0.952209197475
0.977557358982
0.925909227532
0.832281334536
0.810089169422
0.901062017834
0.990031059012
0.936729786595
0.863240156297
0.963931469793
0.870103196073
0.908431018936

90000
0.946849013125
0.820909728484
0.821761346558
0.848912934576
0.989229536119
0.958320809538
0.71320508967
0.8313295261
0.883328323815
0.958270714357
0.961727281835
0.888488127442
0.919296663661
0.953962528805
0.961476805931
0.996042480713
0.972998697525
0.982216210801
0.912483719066
0.873559763551
0.979160404769
0.934776074542
0.968389940888
0.872607955115
0.961176234846
0.750125237952
0.968139464983
0.773619877768
0.93527702635
0.95130748422
0.977256787897
0.923354373309
0.831429716461
0.802675082657
0.90021039976
0.98932972648
0.936379120329
0.863640917744
0.963230137261
0.868600340647
0.908626390141

100000
0.946598537221
0.818354874261
0.819757539325
0.848862839395
0.988528203587
0.957519286645
0.711451758341
0.832882476706
0.881625087667
0.956116621581
0.960675283038
0.88718565274
0.922452660054
0.953010720369
0.962027852921
0.996192766256
0.972247269813
0.982566877066
0.909978960024
0.873008716561
0.978559262599
0.935226931169
0.966937180643
0.872457669572
0.960524997495
0.737851918645
0.967588417994
0.775022542831
0.934475503457
0.951557960124
0.977807834886
0.924857228735
0.833233142972
0.816551447751
0.901312493738
0.989530107204
0.936980262499
0.86404167919
0.961827472197
0.874361286444
0.908543733093
