50000
0.941989780583
0.825117723675
0.807283839295
0.846107604448
0.987927061417
0.954613766156
0.70904718966
0.827472197175
0.890091173229
0.946147680593
0.95902214207
0.875162809338
0.922051898607
0.953611862539
0.961076044485
0.993838292756
0.966336038473
0.978058310791
0.908025247971
0.863139965935
0.971145175834
0.930217413085
0.968440036069
0.86699729486
0.956216811943
0.736699729486
0.962027852921
0.760244464483
0.929916842
0.936579501052
0.974601743312
0.918244664863
0.81710249474
0.812443642922
0.883178038273
0.988979060214
0.925057609458
0.861937681595
0.962628995091
0.865895200882
0.903616872057

60000
0.942140066126
0.821560965835
0.816852018836
0.848211602044
0.985071636109
0.956767858932
0.710850616171
0.820158300771
0.891844504559
0.952660054103
0.959873760144
0.871505861136
0.919396854023
0.953912433624
0.96137661557
0.994539625288
0.96613565775
0.978909928865
0.90912734195
0.866796914137
0.9738503156
0.933423504659
0.968690511973
0.867798817754
0.95726881074
0.743763149985
0.966937180643
0.763751127142
0.93172026851
0.946247870955
0.973098887887
0.920098186554
0.819807634506
0.81890592125
0.895802023845
0.989279631299
0.934174932372
0.862288347861
0.963430517984
0.871255385232
0.905732141068

70000
0.943091874562
0.823314297165
0.8159002104
0.850215409278
0.986223825268
0.956317002304
0.711050996894
0.82126039475
0.891694219016
0.953561767358
0.959172427612
0.874611762348
0.919947901012
0.954313195071
0.960625187857
0.994740006011
0.968740607154
0.97921049995
0.908426009418
0.868550245466
0.973399458972
0.932972648031
0.968239655345
0.868500150286
0.957068430017
0.743362388538
0.96673679992
0.762899509067
0.93111912634
0.943693016732
0.975353171025
0.921751327522
0.81534916341
0.822112012824
0.894198978058
0.989580202385
0.937431119126
0.862639014127
0.963380422803
0.872006812945
0.906069031159

80000
0.943392445647
0.825268009218
0.815699829676
0.850766456267
0.985221921651
0.9560665264
0.711602043883
0.824917342952
0.892345456367
0.952609958922
0.959272617974
0.877266806933
0.918595331129
0.954313195071
0.961927662559
0.994589720469
0.967438132452
0.980062118024
0.907474200982
0.86875062619
0.974401362589
0.934225027552
0.968440036069
0.869051197275
0.958120428815
0.742610960826
0.966937180643
0.763701031961
0.931970744414
0.946798917944
0.975453361387
0.922402564873
0.822212203186
0.82186153692
0.896453261196
0.98932972648
0.937781785392
0.862388538223
0.96378118425
0.871956717764
0.906686454263

90000
0.943442540828
0.823965534516
0.816401162208
0.849964933373
0.986424205991
0.956517383028
0.711201282437
0.823815248973
0.891794409378
0.95366195772
0.960274521591
0.87411081054
0.919897805831
0.954313195071
0.961326520389
0.994339244565
0.968239655345
0.979611261397
0.907574391344
0.868600340647
0.974501552951
0.932722172127
0.968640416792
0.869101292456
0.958070333634
0.745416290953
0.965985372207
0.763550746418
0.932421601042
0.947600440838
0.975553551748
0.92280332632
0.820609157399
0.823264201984
0.896753832281
0.989780583108
0.937481214307
0.862588918946
0.963580803527
0.87230738403
0.906705239956

100000
0.943893397455
0.824165915239
0.81830477908
0.85036569482
0.986023444545
0.956767858932
0.711251377617
0.82306382126
0.892846408176
0.951006913135
0.960274521591
0.877567378018
0.921400661256
0.953862338443
0.961226330027
0.99408876866
0.968039274622
0.979561166216
0.907474200982
0.868800721371
0.9738503156
0.933173028755
0.968890892696
0.869752529807
0.958070333634
0.744915339144
0.966386133654
0.763600841599
0.933072838393
0.948702534816
0.975954313195
0.922703135958
0.820008015229
0.823664963431
0.897154593728
0.989229536119
0.937932070935
0.863240156297
0.96318004208
0.872507764753
0.906899358782
