50000
0.940987876966
0.816100591123
0.811992786294
0.848762649033
0.978559262599
0.92460675283
0.704538623384
0.835988377918
0.799468991083
0.912884480513
0.958220619176
0.837140567077
0.921801422703
0.950606151688
0.960625187857
0.995391243362
0.964682897505
0.969091273419
0.899509067228
0.868850816551
0.966636609558
0.933974551648
0.96854022643
0.871205290051
0.954964432422
0.73399458972
0.969291654143
0.767708646428
0.917142570885
0.945245967338
0.974401362589
0.919547139565
0.79100290552
0.718915940287
0.833834285142
0.968189560164
0.932571886585
0.862388538223
0.929916842
0.872708145476
0.893299769562

60000
0.903967538323
0.800370704338
0.73514677888
0.824466486324
0.978659452961
0.926861035968
0.683999599239
0.81710249474
0.773369401864
0.891143172027
0.950355675784
0.819957920048
0.905470393748
0.920498948001
0.946899108306
0.98161506863
0.952910530007
0.969592225228
0.78564272117
0.722021841499
0.912583909428
0.474050696323
0.960725378219
0.864242059914
0.874912333434
0.718765654744
0.96257889991
0.725328123435
0.916040476906
0.932171125138
0.951557960124
0.775022542831
0.790451858531
0.670624185953
0.809588217613
0.967287846909
0.815749924857
0.862087967138
0.929916842
0.82777276826
0.850787746719

70000
0.880372708145
0.715158801723
0.535667768761
0.785893197074
0.978759643322
0.695170824567
0.664813144975
0.740256487326
0.727081454764
0.851918645426
0.926911131149
0.772066927162
0.869502053902
0.90321611061
0.941839495041
0.886634605751
0.934124837191
0.958220619176
0.589419897806
0.508866847009
0.438032261296
0.478809738503
0.955064622783
0.828524195972
0.751878569282
0.704338242661
0.957869952911
0.713405470394
0.914988478108
0.928263701032
0.944494539625
0.475403266206
0.790051097084
0.640066125639
0.787045386234
0.696523394449
0.489730487927
0.862087967138
0.929916842
0.564422402565
0.767920298567

80000
0.881174231039
0.715309087266
0.542580903717
0.783388438032
0.978759643322
0.698126440236
0.664061717263
0.731690211402
0.727231740307
0.855325117724
0.927662558862
0.778579300671
0.870003005711
0.899258591324
0.934575693818
0.891193267208
0.932571886585
0.954062719166
0.589820659253
0.509718465084
0.418745616672
0.481114116822
0.956216811943
0.833533714057
0.743162007815
0.704338242661
0.958120428815
0.713555755936
0.914738002204
0.928263701032
0.945496443242
0.47505259994
0.790051097084
0.639665364192
0.787947099489
0.694719967939
0.495040577096
0.862087967138
0.929916842
0.585261997796
0.768053050797

90000
0.881524897305
0.714958421
0.547540326621
0.782286344054
0.97860935778
0.715058611362
0.661957719667
0.728333834285
0.726530407775
0.851467788799
0.926259893798
0.791153191063
0.86875062619
0.897655545537
0.930618174532
0.888438032261
0.936228834786
0.955615669773
0.587917042381
0.506963230137
0.437230738403
0.479160404769
0.955214908326
0.827973148983
0.744865243964
0.704338242661
0.957920048091
0.713956517383
0.914637811843
0.928263701032
0.946598537221
0.476204789099
0.790101192265
0.641669171426
0.78679491033
0.652239254584
0.490231439735
0.862037871957
0.929916842
0.578649433924
0.767396803927

100000
0.87826871055
0.715258992085
0.534916341048
0.780482917543
0.97860935778
0.682246267909
0.660204388338
0.738402965635
0.727131549945
0.848862839395
0.924155896203
0.775273018736
0.86995291053
0.900961827472
0.937280833584
0.889289650336
0.924807133554
0.959172427612
0.58906923154
0.510570083158
0.431820458872
0.482216210801
0.953361386635
0.823965534516
0.726380122232
0.704388337842
0.957920048091
0.71140166316
0.914738002204
0.928263701032
0.943492636008
0.479260595131
0.790051097084
0.641518885883
0.789950906723
0.669672377517
0.490181344555
0.862037871957
0.929916842
0.558561266406
0.76535041579
