50000
0.943392445647
0.823464582707
0.816200781485
0.846257889991
0.989730487927
0.956216811943
0.701783388438
0.840096182747
0.886233844304
0.952559863741
0.9584209999
0.888989079251
0.924907323915
0.952760244464
0.962478709548
0.995741909628
0.967688608356
0.97860935778
0.908876866045
0.873559763551
0.976605550546
0.934174932372
0.966686704739
0.867748722573
0.960374711953
0.741508866847
0.968991083058
0.769211501854
0.933974551648
0.951006913135
0.977657549344
0.925257990181
0.832481715259
0.825167818856
0.90026049494
0.988778679491
0.938783689009
0.862138062318
0.964582707144
0.878569281635
0.908298266707

60000
0.94654844204
0.828223624887
0.822011822463
0.849964933373
0.989179440938
0.957769762549
0.70964833183
0.836389139365
0.896553451558
0.957018334836
0.962128043282
0.886183749123
0.921500851618
0.955064622783
0.961526901112
0.996242861437
0.972948602344
0.981214307184
0.914437431119
0.872858431019
0.979661356577
0.936880072137
0.968440036069
0.873359382827
0.960324616772
0.754082757239
0.968590321611
0.772968640417
0.93587816852
0.95070634205
0.97860935778
0.927111511873
0.833082857429
0.826570483919
0.900961827472
0.990682296363
0.940937781785
0.862789299669
0.964432421601
0.880122232241
0.91059012123

70000
0.946598537221
0.830978859834
0.822813345356
0.850165314097
0.988377918044
0.956317002304
0.711251377617
0.838142470694
0.897104498547
0.958471095081
0.962228233644
0.890692315399
0.920699328725
0.953812243262
0.962779280633
0.996142671075
0.971996793908
0.981164212003
0.913736098587
0.873459573189
0.979110309588
0.93647931069
0.967788798718
0.873209097285
0.960424807134
0.75298066326
0.968890892696
0.773519687406
0.934375313095
0.95190862639
0.978509167418
0.928363891394
0.831730287546
0.83193066827
0.902765253983
0.990832581906
0.938933974552
0.862488728584
0.963831279431
0.880573088869
0.910889439936

80000
0.946448251678
0.829826670674
0.821110109207
0.851067027352
0.988828774672
0.958972046889
0.710750425809
0.827622482717
0.898206592526
0.957970143272
0.961025949304
0.887335938283
0.923454563671
0.954313195071
0.960675283038
0.996242861437
0.973048792706
0.980763450556
0.912233243162
0.873209097285
0.978559262599
0.935928263701
0.968289750526
0.873459573189
0.960775473399
0.753631900611
0.969041178239
0.773219116321
0.934926360084
0.951557960124
0.978559262599
0.927111511873
0.830227432121
0.825368199579
0.902564873259
0.99048191564
0.936329025148
0.863941488829
0.965133754133
0.879771565975
0.910299569181

90000
0.945496443242
0.828173529706
0.820208395952
0.849013124937
0.989630297565
0.958370904719
0.711151187256
0.833483618876
0.896202785292
0.958120428815
0.961526901112
0.889840697325
0.920749423905
0.953411481815
0.959873760144
0.996192766256
0.972798316802
0.981514878269
0.913385432321
0.871806432221
0.979360785492
0.936880072137
0.967738703537
0.873559763551
0.960675283038
0.753782186154
0.968940987877
0.772167117523
0.934876264903
0.951357579401
0.978960024046
0.927412082958
0.830978859834
0.823915439335
0.901813445547
0.990431820459
0.938483117924
0.86344053702
0.964432421601
0.879020138263
0.910229435928
