60000
0.944244063721
0.829025147781
0.81770363691
0.846007414087
0.988628393949
0.9584209999
0.713906422202
0.829926861036
0.896353070835
0.954964432422
0.961677186655
0.887736699729
0.922452660054
0.95426309989
0.962729185452
0.995992385533
0.97269812644
0.98101392646
0.909878769662
0.872607955115
0.977908025248
0.934024646829
0.967638513175
0.870453862338
0.960174331229
0.755635707845
0.968490131249
0.775824065725
0.936429215509
0.948452058912
0.977607454163
0.924506562469
0.833683999599
0.831529906823
0.898707544334
0.989780583108
0.939284640818
0.864943392446
0.965484420399
0.878619376816
0.909985221922

70000
0.94474501553
0.82837391043
0.819707444144
0.844454463481
0.989279631299
0.958521190261
0.711151187256
0.827572387536
0.896753832281
0.955214908326
0.96082556858
0.884079751528
0.922152088969
0.95486424206
0.962428614367
0.995992385533
0.972397555355
0.98101392646
0.908926961226
0.871606051498
0.978208596333
0.934425408276
0.967087466186
0.869752529807
0.95962328424
0.756286945196
0.968790702334
0.773469592225
0.936880072137
0.951057008316
0.977807834886
0.922903516682
0.829476004408
0.82722172127
0.899809638313
0.990081154193
0.937130548041
0.86579501052
0.965684801122
0.878469091273
0.909500551047

80000
0.943943492636
0.829425909228
0.820108205591
0.84320208396
0.989029155395
0.957519286645
0.712102995692
0.826921150185
0.896553451558
0.95781985773
0.960975854123
0.884730988879
0.920298567278
0.955064622783
0.962328424006
0.995892195171
0.971846508366
0.981765354173
0.909227532311
0.871255385232
0.979010119227
0.934876264903
0.966987275824
0.870003005711
0.959322713155
0.751628093377
0.968440036069
0.773970544034
0.936178739605
0.950305580603
0.977156597535
0.922051898607
0.832231239355
0.827321911632
0.898857829877
0.990131249374
0.937130548041
0.865444344254
0.96613565775
0.878719567178
0.909397855926

90000
0.943642921551
0.828824767057
0.816551447751
0.84325217914
0.989129345757
0.958170523996
0.710900711352
0.832932571887
0.895751928664
0.956868049294
0.961476805931
0.886334034666
0.91984771065
0.955164813145
0.962729185452
0.995491433724
0.971996793908
0.981965734896
0.908926961226
0.869502053902
0.978459072237
0.933022743212
0.967237751728
0.870403767158
0.959222522793
0.74882276325
0.968590321611
0.771415689811
0.935627692616
0.950205390241
0.976956216812
0.92400561066
0.827622482717
0.829425909228
0.897405069632
0.990031059012
0.93703035768
0.866746818956
0.966336038473
0.876064522593
0.909102294359

100000
