60000
0.943492636008
0.817152589921
0.811391644124
0.837140567077
0.989129345757
0.954413385432
0.706141669171
0.821911632101
0.891042981665
0.954213004709
0.958921951708
0.882526800922
0.91924656848
0.952209197475
0.960474902314
0.994439434926
0.972597936079
0.981064021641
0.905971345557
0.86995291053
0.966285943292
0.930918745617
0.967237751728
0.867047390041
0.956817954113
0.750876665665
0.969041178239
0.771816451257
0.934976455265
0.950856627592
0.977106502354
0.921651137161
0.830027051398
0.828273720068
0.898707544334
0.988828774672
0.930568079351
0.862538823765
0.964883278229
0.85928263701
0.906279430919

80000
0.94118825769
0.82065925258
0.807884981465
0.83373409478
0.989379821661
0.955014527602
0.708496142671
0.811992786294
0.892245266005
0.954613766156
0.958370904719
0.881625087667
0.91689209498
0.953361386635
0.960975854123
0.994239054203
0.971696222823
0.98041278429
0.903566776876
0.867999198477
0.967287846909
0.928263701032
0.96673679992
0.867698627392
0.956968239655
0.748271716261
0.969041178239
0.768660454864
0.933173028755
0.951157198677
0.976405169823
0.919396854023
0.82306382126
0.826420198377
0.897204688909
0.988528203587
0.929966937181
0.863640917744
0.96553451558
0.859933874361
0.905292555856

100000
0.943492636008
0.818805730889
0.799719466987
0.830578098387
0.989530107204
0.954112814347
0.702735196874
0.822061917644
0.892345456367
0.954563670975
0.958671475804
0.874912333434
0.914938382928
0.951507864943
0.959773569783
0.993838292756
0.973549744515
0.980713355375
0.90381725278
0.863290251478
0.967237751728
0.926309988979
0.966987275824
0.865945296063
0.956968239655
0.743763149985
0.969492034866
0.76009417894
0.933724075744
0.951457769763
0.977156597535
0.913535717864
0.822262298367
0.824466486324
0.898106402164
0.988828774672
0.925358180543
0.865294058712
0.965033563771
0.860184350266
0.904129095281
