60000
0.942190161306
0.823113916441
0.808235647731
0.842099989981
0.987175633704
0.956417192666
0.708946999299
0.829275623685
0.892796312995
0.955715860134
0.958871856527
0.885231940687
0.921801422703
0.954213004709
0.961025949304
0.994489530107
0.9714958421
0.981164212003
0.905670774471
0.868399959924
0.96854022643
0.929115319106
0.967037371005
0.867748722573
0.958070333634
0.751327522292
0.968740607154
0.768059312694
0.933523695021
0.951157198677
0.976355074642
0.91984771065
0.826219817654
0.82601943693
0.897455164813
0.988227632502
0.933673980563
0.862639014127
0.964632802324
0.870003005711
0.906918144475

80000
0.942039875764
0.822112012824
0.808035267007
0.841098086364
0.986975252981
0.95546538423
0.709748522192
0.821410680293
0.89249574191
0.95426309989
0.957970143272
0.885031559964
0.92160104198
0.949754533614
0.958170523996
0.994840196373
0.971796413185
0.981314497545
0.905670774471
0.868299769562
0.968490131249
0.926710750426
0.96733794209
0.867899008115
0.957419096283
0.75117723675
0.968690511973
0.768710550045
0.934776074542
0.951658150486
0.975202885482
0.918996092576
0.826370103196
0.822612964633
0.895701833484
0.987676585512
0.933824266106
0.862689109308
0.965233944495
0.866095581605
0.906134154894

100000
0.942841398657
0.82005811041
0.800571085062
0.834235046589
0.988478108406
0.954463480613
0.706843001703
0.819557158601
0.892295361186
0.953762148081
0.95721871556
0.879120328624
0.916441238353
0.952359483018
0.959272617974
0.994790101192
0.971345556557
0.980763450556
0.903316300972
0.865694820158
0.968840797515
0.927913034766
0.967388037271
0.868249674381
0.957519286645
0.749474000601
0.969041178239
0.760595130748
0.93587816852
0.951658150486
0.97625488428
0.916942190161
0.827021340547
0.82717162609
0.896403166015
0.987826871055
0.929666366096
0.864242059914
0.966336038473
0.86404167919
0.905147279832
