50000
0.943793207093
0.831229335738
0.814798116421
0.846608556257
0.987426109608
0.954814146879
0.702635006512
0.833683999599
0.889690411782
0.950055104699
0.96022442641
0.890241458772
0.922552850416
0.953411481815
0.962178138463
0.995691814447
0.967187656547
0.981314497545
0.909778579301
0.87175633704
0.977807834886
0.93232141068
0.967037371005
0.86875062619
0.960024045687
0.744163911432
0.970694319206
0.769962929566
0.933874361286
0.947500250476
0.976555455365
0.928564272117
0.828023244164
0.826921150185
0.897705640717
0.989580202385
0.932070934776
0.862087967138
0.965284039675
0.875964332231
0.908099138363

60000
0.945045586615
0.829125338142
0.822112012824
0.851117122533
0.988177537321
0.957419096283
0.709798617373
0.83433523695
0.897555355175
0.957469191464
0.961276425208
0.883528704539
0.921450756437
0.95546538423
0.962178138463
0.996393146979
0.971596032462
0.982266305981
0.911782386534
0.873810239455
0.979260595131
0.936930167318
0.967838893898
0.872207193668
0.961727281835
0.755285041579
0.968740607154
0.772367498247
0.93703035768
0.952309387837
0.978308786695
0.927512273319
0.830978859834
0.828273720068
0.901462779281
0.991133152991
0.939184450456
0.862388538223
0.965083658952
0.880272517784
0.910504959423

70000
0.9453461577
0.830978859834
0.821711251378
0.849463981565
0.987275824066
0.958521190261
0.712503757139
0.830878669472
0.898507163611
0.957619477006
0.961576996293
0.888538222623
0.920799519086
0.954012623986
0.962228233644
0.995992385533
0.971646127643
0.982266305981
0.912634004609
0.8729085262
0.979661356577
0.935477407073
0.968339845707
0.872607955115
0.961677186655
0.755285041579
0.969942891494
0.772668069332
0.936629596233
0.952459673379
0.977908025248
0.926309988979
0.828223624887
0.831830477908
0.901763350366
0.990181344555
0.937781785392
0.862388538223
0.964732992686
0.880372708145
0.910541278429

80000
0.945696823966
0.82717162609
0.821811441739
0.850566075544
0.988277727683
0.957669572187
0.711251377617
0.826219817654
0.898306782887
0.958921951708
0.961025949304
0.885532511772
0.92104999499
0.953611862539
0.961526901112
0.996343051798
0.972046889089
0.98276725779
0.913485622683
0.874812143072
0.978058310791
0.936128644424
0.967588417994
0.871956717764
0.961276425208
0.755635707845
0.967888989079
0.772167117523
0.936779881775
0.952159102294
0.978108405971
0.927011321511
0.831279430919
0.831780382727
0.903366396153
0.990682296363
0.935076645627
0.863390441839
0.965133754133
0.879971946699
0.910338392947

90000
0.94539625288
0.830227432121
0.819607253782
0.849063220118
0.987977156598
0.957519286645
0.71315499449
0.832181144174
0.898507163611
0.956116621581
0.961276425208
0.887636509368
0.91864542631
0.954964432422
0.961076044485
0.996343051798
0.972397555355
0.982717162609
0.912483719066
0.871004909328
0.979360785492
0.937230738403
0.967388037271
0.872006812945
0.961276425208
0.755635707845
0.967888989079
0.771616070534
0.936930167318
0.951357579401
0.978559262599
0.926410179341
0.828924957419
0.823464582707
0.902364492536
0.990582106001
0.93708045286
0.863340346659
0.965083658952
0.878970043082
0.91009417894
