50000
0.942340446849
0.829476004408
0.820909728484
0.848211602044
0.987726680693
0.956317002304
0.70724376315
0.83909427913
0.893197074441
0.954663861337
0.961777377016
0.890542029857
0.924506562469
0.955014527602
0.962628995091
0.995391243362
0.971295461377
0.982065925258
0.904869251578
0.873108906923
0.975102695121
0.927412082958
0.967788798718
0.87175633704
0.96022442641
0.752279330728
0.966636609558
0.771215309087
0.934475503457
0.950606151688
0.976004408376
0.925308085362
0.828223624887
0.829876765855
0.891393647931
0.98993086865
0.938984069732
0.863640917744
0.965033563771
0.875112714157
0.909034665865

60000
0.943993587817
0.830477908025
0.821410680293
0.850916741809
0.988277727683
0.957168620379
0.714507564372
0.832882476706
0.895751928664
0.957318905921
0.962328424006
0.885432321411
0.92039875764
0.953461576996
0.96082556858
0.995992385533
0.972998697525
0.981114116822
0.911782386534
0.87350966837
0.977807834886
0.936880072137
0.968740607154
0.87235747921
0.961025949304
0.75358180543
0.967638513175
0.772016831981
0.934776074542
0.951808436028
0.978709548141
0.926810940787
0.831680192365
0.8313295261
0.899709447951
0.990932772267
0.938783689009
0.864091774371
0.965684801122
0.880122232241
0.910375964332

70000
0.944344254083
0.831229335738
0.821360585112
0.852269311692
0.988377918044
0.955315098688
0.715309087266
0.828223624887
0.897204688909
0.956116621581
0.962027852921
0.886935176836
0.922051898607
0.953461576996
0.962178138463
0.995641719267
0.972247269813
0.981164212003
0.911381625088
0.873108906923
0.97625488428
0.935777978159
0.968640416792
0.87230738403
0.961627091474
0.756086564472
0.968991083058
0.771616070534
0.93527702635
0.952209197475
0.97800821561
0.926460274522
0.831129145376
0.831580002004
0.897104498547
0.990732391544
0.93943492636
0.86404167919
0.966336038473
0.879571185252
0.91032837391

80000
0.945145776976
0.830878669472
0.822162108005
0.849714457469
0.987726680693
0.958721570985
0.716361086064
0.821360585112
0.895852119026
0.957619477006
0.961025949304
0.88417994189
0.924356276926
0.953561767358
0.961126139665
0.995691814447
0.972197174632
0.981114116822
0.912283338343
0.873159002104
0.97565374211
0.934876264903
0.968440036069
0.872257288849
0.961326520389
0.754283137962
0.968289750526
0.771115118726
0.935828073339
0.952960625188
0.978058310791
0.925358180543
0.830027051398
0.830427812844
0.900060114217
0.990782486725
0.934525598637
0.865444344254
0.965434325218
0.877617473199
0.909925107705

90000
0.944694920349
0.831028955015
0.820308586314
0.851868550245
0.988277727683
0.957419096283
0.718815749925
0.826119627292
0.895701833484
0.957619477006
0.961777377016
0.888588317804
0.922302374512
0.954563670975
0.960575092676
0.995942290352
0.972748221621
0.981514878269
0.910830578098
0.872607955115
0.977306883078
0.935627692616
0.968790702334
0.871956717764
0.962278328825
0.752129045186
0.967838893898
0.770013024747
0.934926360084
0.951457769763
0.977958120429
0.925558561266
0.829926861036
0.827572387536
0.900861637111
0.990682296363
0.936278929967
0.866596533413
0.965885181846
0.877316902114
0.910106702735
