60000
0.945446348061
0.831980763451
0.821961727282
0.847309888789
0.987376014427
0.956016431219
0.710750425809
0.832832381525
0.897755735898
0.956266907124
0.961276425208
0.873259192466
0.922502755235
0.949704438433
0.957168620379
0.99463981565
0.972648031259
0.98101392646
0.909427913035
0.874010620178
0.974301172227
0.933373409478
0.968239655345
0.870453862338
0.961025949304
0.751728283739
0.969492034866
0.772267307885
0.93587816852
0.949053201082
0.977908025248
0.924506562469
0.827522292355
0.838543232141
0.901462779281
0.99048191564
0.936829976956
0.869652339445
0.964181945697
0.877216711752
0.909436679691

70000
0.946448251678
0.830928764653
0.821510870654
0.849514076746
0.987075443342
0.956116621581
0.711201282437
0.833433523695
0.897605450356
0.957168620379
0.960975854123
0.876264903316
0.923554754033
0.947349964933
0.95902214207
0.995090672277
0.972748221621
0.981715258992
0.909377817854
0.873609858732
0.974852219217
0.932521791404
0.967087466186
0.871305480413
0.959973950506
0.753832281335
0.970393748121
0.772417593428
0.935828073339
0.948301773369
0.977206692716
0.923705039575
0.825718865845
0.838092375513
0.901112113015
0.990331630097
0.936228834786
0.869652339445
0.963280232442
0.877617473199
0.909504308186

80000
0.946047490231
0.829325718866
0.822412583909
0.847810840597
0.987576395151
0.956367097485
0.71200280533
0.828924957419
0.897354974451
0.957118525198
0.95902214207
0.876615569582
0.923103897405
0.946598537221
0.956617573389
0.994289149384
0.972397555355
0.980863640918
0.909978960024
0.873058811742
0.971946698728
0.932171125138
0.967137561367
0.8705540527
0.96082556858
0.754283137962
0.969241558962
0.771415689811
0.935126740808
0.949003105901
0.977006311993
0.924506562469
0.825368199579
0.837841899609
0.900761446749
0.990031059012
0.933774170925
0.868299769562
0.962528804729
0.875363190061
0.908866847009

90000
0.944895301072
0.829075242962
0.817853922453
0.845807033363
0.987576395151
0.956016431219
0.710950806532
0.828924957419
0.896002404569
0.955164813145
0.961877567378
0.880472898507
0.920198376916
0.949754533614
0.957469191464
0.99463981565
0.972798316802
0.980563069833
0.907774772067
0.872457669572
0.974050696323
0.932020839595
0.966836990282
0.870804528604
0.960074140868
0.745015529506
0.968590321611
0.771616070534
0.934575693818
0.946297966136
0.977156597535
0.924706943192
0.819907824867
0.832581905621
0.901863540727
0.98988077347
0.935727882978
0.870253481615
0.963430517984
0.874912333434
0.90826445246

100000
0.944995491434
0.830477908025
0.820609157399
0.845255986374
0.986223825268
0.954663861337
0.712954613766
0.83193066827
0.897705640717
0.954313195071
0.959823664963
0.873309287647
0.923103897405
0.94654844204
0.956266907124
0.994790101192
0.97209698427
0.980212403567
0.907674581705
0.871305480413
0.974100791504
0.93172026851
0.96673679992
0.870604147881
0.959923855325
0.753832281335
0.969942891494
0.77076445246
0.935677787797
0.946648632402
0.976555455365
0.923103897405
0.824867247771
0.837992185152
0.902114016632
0.989730487927
0.935076645627
0.869902815349
0.962879470995
0.87175633704
0.908454814147
