50000
0.944043682998
0.757539324717
0.812644023645
0.846358080353
0.982416591524
0.958120428815
0.690511972748
0.842300370704
0.789399859733
0.949403867348
0.950556056507
0.877116521391
0.919396854023
0.954213004709
0.962428614367
0.993537721671
0.969542130047
0.978709548141
0.902715158802
0.861536920148
0.977857930067
0.90617172628
0.968039274622
0.861536920148
0.962178138463
0.728383929466
0.960524997495
0.768660454864
0.916541428715
0.947049393848
0.97625488428
0.918094379321
0.796763851318
0.826971245366
0.89429916842
0.986824967438
0.931870554053
0.862087967138
0.936128644424
0.815248973049
0.897099489029

60000
0.945195872157
0.768109407875
0.8159002104
0.845356176736
0.987175633704
0.958220619176
0.699729486023
0.844504558661
0.781935677788
0.941939685402
0.950556056507
0.873910429817
0.925207895001
0.954613766156
0.961176234846
0.994940386735
0.970694319206
0.976755836089
0.89189459974
0.864141869552
0.979310690312
0.91689209498
0.968339845707
0.865494439435
0.96318004208
0.717613465585
0.960625187857
0.768961025949
0.921951708246
0.947550345657
0.978909928865
0.903516681695
0.793708045286
0.821611061016
0.894850215409
0.987876966236
0.9406372107
0.862087967138
0.936679691414
0.83668971045
0.89796112614

70000
0.944444444444
0.783388438032
0.81710249474
0.844654844204
0.987426109608
0.958571285442
0.701382626991
0.845055605651
0.792255285042
0.942941589019
0.950906722773
0.878569281635
0.923103897405
0.954764051698
0.962628995091
0.994689910831
0.970443843302
0.977607454163
0.885883178038
0.862639014127
0.97860935778
0.914287145577
0.967037371005
0.865945296063
0.963330327622
0.71555956317
0.959372808336
0.766957218716
0.920799519086
0.946448251678
0.978358881876
0.89845706843
0.79571185252
0.828524195972
0.896753832281
0.987726680693
0.939485021541
0.862087967138
0.936078549244
0.82186153692
0.898046287947

80000
0.945095681795
0.766406171726
0.820959823665
0.84916341048
0.987275824066
0.959272617974
0.702134054704
0.845756938183
0.783789199479
0.943743111913
0.952008816752
0.874461476806
0.922953611863
0.952760244464
0.961076044485
0.994990481916
0.971145175834
0.977557358982
0.87826871055
0.866897104499
0.977607454163
0.91328524196
0.967388037271
0.866045486424
0.963530708346
0.713405470394
0.961126139665
0.771014928364
0.924105801022
0.947550345657
0.978509167418
0.906923153993
0.797314898307
0.82246267909
0.895000500952
0.986724777076
0.940987876966
0.862087967138
0.935978358882
0.82837391043
0.897878469091

90000
0.945596633604
0.783588818756
0.815649734496
0.844654844204
0.987476204789
0.958921951708
0.704238052299
0.844203987576
0.795761947701
0.942891493838
0.951157198677
0.879420899709
0.924506562469
0.955715860134
0.962979661357
0.994439434926
0.971145175834
0.977056407174
0.884630798517
0.862087967138
0.979110309588
0.918695521491
0.967788798718
0.868450055105
0.963129946899
0.726279931871
0.960424807134
0.768660454864
0.928313796213
0.946297966136
0.978809738503
0.900661256387
0.797815850115
0.815699829676
0.895401262399
0.987376014427
0.9406372107
0.862087967138
0.939134355275
0.819206492335
0.898752629997
