50000
0.924256086564
0.816100591123
0.810239454964
0.846859032161
0.978859833684
0.939585211903
0.699028153492
0.833784189961
0.796413185052
0.890341649133
0.957869952911
0.829826670674
0.920799519086
0.950455866146
0.958721570985
0.995190862639
0.953511672177
0.972197174632
0.89189459974
0.858931970744
0.964532611963
0.782586915139
0.963129946899
0.868450055105
0.926810940787
0.732992686104
0.968039274622
0.766556457269
0.917242761246
0.943492636008
0.95902214207
0.896002404569
0.791403666967
0.702334435427
0.81945696824
0.972648031259
0.923304278128
0.862338443042
0.929916842
0.861336539425
0.884411632101

60000
0.90021039976
0.715208896904
0.515228934976
0.79275623685
0.978809738503
0.794659853722
0.677787796814
0.734695922252
0.724376314998
0.840997896002
0.874611762348
0.806732792305
0.86995291053
0.941939685402
0.951708245667
0.779380823565
0.949704438433
0.967237751728
0.601993788198
0.513225127743
0.650686303978
0.577697625488
0.95902214207
0.833283238152
0.852469692416
0.704388337842
0.962879470995
0.712503757139
0.915038573289
0.928263701032
0.954213004709
0.466937180643
0.790101192265
0.632501753331
0.79100290552
0.948101392646
0.51187255786
0.862087967138
0.929916842
0.675683799219
0.789746768861

70000
0.890041078048
0.715509467989
0.518034265104
0.790602144074
0.97860935778
0.725428313796
0.633353371406
0.72923554754
0.727682596934
0.832030858631
0.926059513075
0.783939485022
0.870203386434
0.897154593728
0.946297966136
0.907874962429
0.901663160004
0.962328424006
0.599388838794
0.526249874762
0.43943492636
0.551147179641
0.960124236048
0.833333333333
0.692315399259
0.70428814748
0.958320809538
0.713956517383
0.914938382928
0.928263701032
0.938583308286
0.554804127843
0.790101192265
0.638012223224
0.792856427212
0.770714357279
0.518034265104
0.862087967138
0.929916842
0.678338843803
0.775781484821

80000
0.893297264803
0.715509467989
0.513475603647
0.789850716361
0.978408977056
0.738753631901
0.631900611161
0.712704137862
0.727582406572
0.834485522493
0.915188858832
0.787345957319
0.870153291253
0.888037270815
0.943492636008
0.905270013025
0.914237050396
0.959372808336
0.59798617373
0.523995591624
0.423454563671
0.552650035067
0.960875663761
0.829425909228
0.713906422202
0.704338242661
0.9584209999
0.714056707745
0.914587716662
0.928263701032
0.940837591424
0.551848512173
0.790051097084
0.636308987075
0.793006712754
0.768560264503
0.49759543132
0.862087967138
0.929916842
0.67934074742
0.77476455265

90000
0.892044885282
0.715359182447
0.5154293157
0.788247670574
0.978559262599
0.736649634305
0.62353471596
0.713605851117
0.727582406572
0.827722673079
0.919697425108
0.788798717563
0.869552149083
0.904067728685
0.944845205891
0.915940286544
0.908926961226
0.962228233644
0.600240456868
0.523695020539
0.432070934776
0.556807935077
0.959573189059
0.836890091173
0.704488528204
0.704338242661
0.958370904719
0.714056707745
0.914587716662
0.928263701032
0.944594729987
0.551798416992
0.790101192265
0.638062318405
0.792906522393
0.74997495241
0.49288648432
0.862087967138
0.929916842
0.672678088368
0.774779581204

100000
0.893447550346
0.715459372808
0.51422703136
0.787345957319
0.978459072237
0.719667367999
0.623634906322
0.713054804128
0.727682596934
0.827872958621
0.92455665765
0.788397956117
0.870003005711
0.885582606953
0.946197775774
0.909478008216
0.909177437131
0.96142671075
0.598937982166
0.521540927763
0.437531309488
0.550345656748
0.959322713155
0.809037170624
0.689660354674
0.704338242661
0.958370904719
0.713505660755
0.914537621481
0.928263701032
0.936880072137
0.550395751929
0.790101192265
0.637461176235
0.793257188658
0.744113816251
0.499799619277
0.862087967138
0.929916842
0.655896202785
0.772024346258
