60000
0.940286544434
0.81950706342
0.80878669472
0.838743612864
0.987726680693
0.953762148081
0.706241859533
0.816651638112
0.889990982867
0.953712052901
0.957869952911
0.877767758742
0.919797615469
0.951257389039
0.961276425208
0.993888387937
0.968640416792
0.980563069833
0.904167919046
0.864743011722
0.966486324016
0.92636008416
0.967788798718
0.867848912935
0.957118525198
0.747720669272
0.966486324016
0.763550746418
0.932371505861
0.950205390241
0.975854122833
0.917142570885
0.825768961026
0.822212203186
0.896202785292
0.988428013225
0.928413986574
0.862889490031
0.964131850516
0.861587015329
0.904598737601

80000
0.942691113115
0.817453161006
0.807784791103
0.829676385132
0.988227632502
0.954062719166
0.707744714958
0.817954112814
0.89074241058
0.954363290251
0.957519286645
0.882025849113
0.915289049193
0.951507864943
0.962128043282
0.994289149384
0.970243462579
0.98041278429
0.904468490131
0.859583208095
0.966686704739
0.924957419096
0.967638513175
0.867247770764
0.956918144475
0.745316100591
0.968189560164
0.766556457269
0.933573790201
0.949804628795
0.975453361387
0.914337240757
0.824165915239
0.828674481515
0.896353070835
0.988478108406
0.92871455766
0.863290251478
0.963881374612
0.859483017734
0.904447199679

100000
0.941689209498
0.817553351368
0.802124035668
0.836038473099
0.988828774672
0.953311291454
0.699328724577
0.810790501954
0.887486223825
0.95366195772
0.956617573389
0.883178038273
0.913836288949
0.951207293858
0.962077948101
0.993738102395
0.9691413686
0.979611261397
0.901062017834
0.862037871957
0.964181945697
0.92400561066
0.967087466186
0.868099388839
0.9560665264
0.741007915039
0.966486324016
0.756737801823
0.933072838393
0.948201583008
0.974802124036
0.916942190161
0.820308586314
0.819807634506
0.893998597335
0.988177537321
0.925257990181
0.864392345456
0.962729185452
0.857028353872
0.902792806332
