50000
0.946247870955
0.828424005611
0.825268009218
0.851668169522
0.988478108406
0.956517383028
0.703035767959
0.835637711652
0.894449453963
0.957569381825
0.960775473399
0.891193267208
0.924757038373
0.949053201082
0.95962328424
0.996142671075
0.972297364993
0.981715258992
0.909978960024
0.874812143072
0.979310690312
0.935226931169
0.968991083058
0.871455765955
0.962178138463
0.737350966837
0.969842701132
0.774772066927
0.933924456467
0.948151487827
0.977256787897
0.927261797415
0.827923053802
0.833433523695
0.901162208196
0.990632201182
0.938182546839
0.864793106903
0.964582707144
0.886133653942
0.910005259994

60000
0.947850916742
0.832030858631
0.828524195972
0.856477306883
0.988227632502
0.959472998698
0.70844604749
0.841599038173
0.899308686504
0.958320809538
0.961476805931
0.888087365995
0.926209798617
0.955315098688
0.963129946899
0.996743813245
0.974050696323
0.981464783088
0.914788097385
0.877116521391
0.981264402364
0.937481214307
0.968890892696
0.873409478008
0.96318004208
0.743412483719
0.970944795111
0.77377016331
0.935777978159
0.952359483018
0.977908025248
0.927111511873
0.835938282737
0.837791804428
0.903416491334
0.991584009618
0.939485021541
0.866947199679
0.965684801122
0.887386033464
0.912309638313

70000
0.947500250476
0.833183047791
0.828624386334
0.854423404468
0.98872858431
0.959172427612
0.710099188458
0.844755034566
0.897405069632
0.960524997495
0.962829375814
0.889339745516
0.924807133554
0.956116621581
0.963330327622
0.996493337341
0.97269812644
0.982065925258
0.914086764853
0.877767758742
0.981815449354
0.936629596233
0.968840797515
0.874211000902
0.964081755335
0.742761246368
0.969992986675
0.775072638012
0.936329025148
0.952760244464
0.977908025248
0.930067127542
0.836439234546
0.83964532612
0.90381725278
0.991283438533
0.94239054203
0.868600340647
0.966185752931
0.88718565274
0.912749223525

80000
0.948251678189
0.833934475503
0.827271816451
0.854723975554
0.989429916842
0.959523093878
0.710600140267
0.846057509268
0.898707544334
0.960074140868
0.963330327622
0.889339745516
0.925959322713
0.957619477006
0.964682897505
0.996844003607
0.973950505961
0.982266305981
0.91568981064
0.877968139465
0.982967638513
0.937681595031
0.970043081856
0.873860334636
0.964282136059
0.744714958421
0.970544033664
0.777076445246
0.936729786595
0.953411481815
0.978709548141
0.930067127542
0.836339044184
0.837691614067
0.905821060014
0.991133152991
0.942340446849
0.869201482817
0.966386133654
0.886734796113
0.913299018134

90000
0.947800821561
0.833283238152
0.827923053802
0.856377116521
0.988979060214
0.958972046889
0.712453661958
0.846307985172
0.899408876866
0.960124236048
0.962128043282
0.88778679491
0.92636008416
0.954012623986
0.963430517984
0.996793908426
0.974501552951
0.982717162609
0.91508866847
0.879270614167
0.982667067428
0.940336639615
0.968840797515
0.873810239455
0.964081755335
0.750726380122
0.970193367398
0.777877968139
0.937431119126
0.953411481815
0.978108405971
0.930718364893
0.838743612864
0.840196373109
0.904718966035
0.991032962629
0.938883879371
0.869101292456
0.965284039675
0.888137461176
0.913450556057

100000
0.947700631199
0.834635808035
0.827021340547
0.856577497245
0.988828774672
0.956266907124
0.712954613766
0.8444043683
0.89965935277
0.956817954113
0.962729185452
0.88954012624
0.926510369702
0.954713956517
0.963931469793
0.996994289149
0.973399458972
0.982416591524
0.915890191364
0.87947099489
0.983117924056
0.93943492636
0.969241558962
0.874862238253
0.963680993888
0.74762047891
0.969291654143
0.775222923555
0.937431119126
0.952710149284
0.978408977056
0.93111912634
0.838242661056
0.840496944194
0.904618775674
0.991634104799
0.940837591424
0.869902815349
0.965885181846
0.887436128644
0.913291503857
