30000
0.941077927329
0.819883311189
0.809658598579
0.841661371382
0.98700248397
0.951071572988
0.707180405523
0.807752296228
0.888452429091
0.945237132459
0.961007451909
0.87741898215
0.918953266709
0.94881867021
0.958639015655
0.994396626423
0.961873952978
0.979435041303
0.902085379239
0.863266131362
0.971289931258
0.931835249263
0.967592860031
0.86690543585
0.957194847207
0.742244815435
0.967130726128
0.763271908035
0.93275951707
0.945525966149
0.975449136387
0.917566864999
0.818901276645
0.81682167408
0.897406273468
0.988504419155
0.932875050546
0.860955461845
0.961758419502
0.872913176593
0.903844376408

40000
0.942810929467
0.82207844723
0.812835769164
0.846513777367
0.986540350066
0.955692912021
0.703310034082
0.832072092889
0.88903009647
0.947778868927
0.962220553405
0.876668014557
0.923228005315
0.94881867021
0.958754549131
0.995725261394
0.971925365375
0.981052509965
0.905147016348
0.867136502802
0.973022933395
0.936109987869
0.968343827624
0.867020969326
0.956328346138
0.743920050835
0.967419559817
0.76841314771
0.934723586159
0.950031771706
0.976835538097
0.914851828317
0.823407082202
0.807347929062
0.898215007799
0.987984518514
0.935359020276
0.860955461845
0.963433654902
0.863612731789
0.905666916989

50000
0.935994454393
0.820518745306
0.81295130264
0.843972040899
0.987060250708
0.957425914159
0.703252267344
0.8284327884
0.887181560857
0.954595344001
0.961700652764
0.866327768471
0.917971232165
0.950667205823
0.960949685171
0.995551961181
0.967708393507
0.981399110392
0.906417884582
0.863439431575
0.972503032754
0.930333314078
0.967823926983
0.868176304084
0.955981745711
0.747328288372
0.968286060886
0.754086996707
0.934261452256
0.951360406678
0.975853503553
0.911790191208
0.820634278782
0.813471203281
0.898388308012
0.987984518514
0.931488648836
0.861070995321
0.962624920571
0.865750101092
0.9045679048

60000
0.943908497487
0.821962913754
0.809485298365
0.838773034487
0.988157818728
0.957425914159
0.708046906591
0.822887181561
0.890243197967
0.956617179828
0.962393853619
0.875050545896
0.913061059442
0.949858471492
0.960834151695
0.996245162036
0.971405464733
0.981110276703
0.904684882445
0.864652533071
0.972503032754
0.932932817284
0.968286060886
0.869736006008
0.959563283461
0.745653052972
0.967304026342
0.761134538733
0.934203685518
0.950724972561
0.978221939807
0.916469296979
0.824909017388
0.827566287332
0.900583444053
0.988793252845
0.930391080816
0.862399630293
0.964877823349
0.865172433713
0.905955750679

70000
0.943330830108
0.82317601525
0.808734330772
0.836982265611
0.988273352204
0.9579458148
0.707469239212
0.826699786263
0.893998035931
0.956443879614
0.962220553405
0.875628213275
0.91173242447
0.950724972561
0.961931719716
0.995783028132
0.972156432326
0.981225810178
0.902894113569
0.865172433713
0.97232973254
0.931835249263
0.968517127838
0.867540869967
0.959563283461
0.743342383456
0.968228294148
0.761365605684
0.932990584022
0.950840506037
0.978453006759
0.915949396338
0.825428918029
0.821905147016
0.900352377101
0.988851019583
0.929755646699
0.862572930507
0.964184622494
0.862457397031
0.905724683727
