10000
0.937092022413
0.8074056958
0.797412050142
0.825775518456
0.983767546647
0.952342441222
0.700421697187
0.817630408411
0.882098087921
0.947547801976
0.954190976836
0.850384148807
0.911212523829
0.949569637803
0.957425914159
0.993414591878
0.961238518861
0.977990872855
0.890243197967
0.854543353937
0.954422043787
0.922419270984
0.967592860031
0.859280226446
0.948703136734
0.725550228179
0.96597539137
0.755473398417
0.926578476113
0.937611923055
0.970538963665
0.908439720409
0.806828028421
0.802899890243
0.881635954018
0.984634047715
0.923747905956
0.860955461845
0.952169141009
0.853792386344
0.896523886546

20000
0.939056091503
0.814568771301
0.800820287678
0.840217202935
0.987349084397
0.953497775981
0.705967304026
0.831552192248
0.874530645254
0.953613309456
0.959274449772
0.839466235342
0.910230489284
0.948645369996
0.958523482179
0.993876725781
0.970538963665
0.979897175207
0.898041707585
0.861533129224
0.964762289873
0.925943041996
0.967997227197
0.865981168043
0.956328346138
0.735659407313
0.966033158108
0.753220495639
0.929524579747
0.946276933742
0.975795736815
0.912310091849
0.812084801571
0.794812546935
0.879845185142
0.986367049853
0.929293512795
0.860897695107
0.959909883889
0.857951591474
0.900054878401

30000
0.941540061233
0.81017849922
0.805152793022
0.841545837907
0.987349084397
0.952226907747
0.705562936861
0.827161920166
0.886892727168
0.950147305182
0.961180752123
0.877881116053
0.904800415921
0.952631274912
0.961758419502
0.994916527064
0.973138466871
0.980474842586
0.893882502455
0.854716654151
0.966033158108
0.919530934088
0.968228294148
0.866038934781
0.954768644215
0.740800646987
0.96458898966
0.769048581827
0.931893016001
0.948472069782
0.977124371787
0.915256195483
0.818150309052
0.820172144879
0.8931893016
0.987868985038
0.930564381029
0.861013228583
0.962798220784
0.855640921957
0.902858009358

40000
0.93801629022
0.813066836116
0.808561030559
0.814626538039
0.987695684825
0.952631274912
0.703021200393
0.783316966091
0.889145629946
0.956906013517
0.959678816937
0.868869504939
0.913985327249
0.946219167004
0.954248743573
0.993530125354
0.970192363237
0.981168043441
0.896886372827
0.86055109468
0.966033158108
0.923747905956
0.968343827624
0.868118537346
0.954710877477
0.73768124314
0.967304026342
0.761134538733
0.931430882098
0.95020507192
0.976431170932
0.914678528104
0.820807578996
0.819132343597
0.892611634221
0.987984518514
0.92334353879
0.860782161631
0.960949685171
0.857836057998
0.900889607764

50000
0.939864825833
0.809311998151
0.798451851424
0.826468719311
0.986829183756
0.951880307319
0.700537230663
0.821443013113
0.883426722893
0.953151175553
0.959563283461
0.87880538386
0.919184333661
0.949800704754
0.959678816937
0.994281092947
0.967650626769
0.979261741089
0.897117439778
0.85748945757
0.964473456184
0.922650337935
0.966033158108
0.864479232858
0.952342441222
0.71388134712
0.965455490728
0.754895731038
0.932990584022
0.948934203686
0.975622436601
0.909017387788
0.818554676217
0.819074576859
0.89428686962
0.986309283115
0.921032869274
0.861821962914
0.960256484316
0.849113280573
0.900385592976

60000
0.942059961874
0.812720235688
0.799202819017
0.828837155566
0.988735486107
0.952515741436
0.696782392698
0.812200335047
0.886661660216
0.954422043787
0.959563283461
0.865345733926
0.910692623188
0.946623534169
0.960949685171
0.994858760326
0.969268095431
0.980474842586
0.897175206516
0.856911790191
0.965339957253
0.926578476113
0.967650626769
0.865461267402
0.95655941309
0.733002137369
0.965282190515
0.750216625267
0.932239616429
0.947374501762
0.976777771359
0.908728554099
0.81324013633
0.820518745306
0.891860666628
0.987406851135
0.924267806597
0.861764196176
0.962451620357
0.84697591127
0.900492461441

70000
0.940442493212
0.810294032696
0.791462076137
0.825717751719
0.987984518514
0.951880307319
0.694645023396
0.808618797297
0.887181560857
0.953671076194
0.96152735255
0.866558835423
0.910865923401
0.948183236093
0.960372017792
0.994396626423
0.970827797354
0.979897175207
0.89705967304
0.855583155219
0.967766160245
0.924903240714
0.966726358963
0.8616486627
0.956097279187
0.720640055456
0.966610825487
0.744555484952
0.932412916643
0.949049737161
0.977182138525
0.910114955808
0.813471203281
0.821962913754
0.889203396684
0.987291317659
0.921668303391
0.861070995321
0.962855987522
0.848015712553
0.899510426896

80000
0.940962393854
0.806539194732
0.795563514528
0.81711050777
0.988331118942
0.952457974698
0.693605222113
0.817168274508
0.885737392409
0.953382242505
0.959447749986
0.864825833285
0.906591184796
0.946739067645
0.961007451909
0.99445439316
0.97094333083
0.981630177344
0.894749003524
0.851481716827
0.966726358963
0.92195713708
0.966957425914
0.862168563341
0.954479810525
0.718733753105
0.96597539137
0.743688983883
0.931257581884
0.948414303044
0.975911270291
0.907111085437
0.809485298365
0.816417306915
0.885564092196
0.987233550921
0.922303737508
0.861475362486
0.963433654902
0.849344347525
0.898534169025

90000
0.941366761019
0.810929466813
0.793426145226
0.822309514182
0.987984518514
0.950956039512
0.695800358154
0.804459592167
0.883946623534
0.951764773843
0.959101149558
0.869042805153
0.900236843625
0.947547801976
0.960256484316
0.994800993588
0.970827797354
0.980128242158
0.894344636358
0.850153081855
0.968112760672
0.922823638149
0.967535093293
0.865345733926
0.955923978973
0.7127837791
0.966148691583
0.733868638438
0.930506614291
0.948587603258
0.976373404194
0.907284385651
0.811911501358
0.81930564381
0.881231586852
0.986886950494
0.915487262434
0.862110796603
0.961122985385
0.849459881001
0.897804863959

100000
0.940038126047
0.80601929409
0.787302871007
0.819825544452
0.98838888568
0.951764773843
0.689388250246
0.807867829704
0.882617988562
0.951995840795
0.959563283461
0.861070995321
0.90260527988
0.948183236093
0.960372017792
0.993934492519
0.970307896713
0.980705909537
0.895211137427
0.854716654151
0.966553058749
0.919877534516
0.966610825487
0.861821962914
0.955923978973
0.708971174398
0.962624920571
0.736063774479
0.932124082953
0.948876436948
0.975795736815
0.904627115707
0.809023164462
0.815146438681
0.88683496043
0.986771417018
0.922361504246
0.862226330079
0.960256484316
0.843972040899
0.896958581249
