60000
0.943642921551
0.829225528504
0.822011822463
0.84796112614
0.988478108406
0.955765955315
0.714106802926
0.836238853822
0.897154593728
0.956317002304
0.960925758942
0.891093076846
0.920899709448
0.956266907124
0.96257889991
0.996543432522
0.973599839695
0.979611261397
0.913485622683
0.872056908125
0.978859833684
0.93407474201
0.967237751728
0.873659953912
0.960925758942
0.756086564472
0.968890892696
0.774271115119
0.936329025148
0.950956817954
0.978108405971
0.925658751628
0.833082857429
0.833483618876
0.90021039976
0.990031059012
0.937531309488
0.865143773169
0.966035467388
0.878769662358
0.910682797315

70000
0.943342350466
0.828323815249
0.820959823665
0.847911030959
0.988177537321
0.959573189059
0.714707945096
0.838092375513
0.897805831079
0.953712052901
0.960625187857
0.887886985272
0.923955515479
0.955064622783
0.96142671075
0.996092575894
0.973449554153
0.979410880673
0.914237050396
0.871455765955
0.978559262599
0.93292255285
0.967488227633
0.873309287647
0.96022442641
0.754633804228
0.96854022643
0.770463881375
0.937280833584
0.952259292656
0.977657549344
0.926059513075
0.833884380323
0.832832381525
0.899308686504
0.990131249374
0.93708045286
0.866045486424
0.96553451558
0.877467187657
0.910447349965

80000
0.943893397455
0.829025147781
0.819657348963
0.848361887586
0.988428013225
0.957970143272
0.714607754734
0.836138663461
0.898256687707
0.957168620379
0.96142671075
0.888888888889
0.918445045587
0.954012623986
0.961526901112
0.996543432522
0.972648031259
0.981414687907
0.913535717864
0.871806432221
0.978909928865
0.93527702635
0.967037371005
0.873008716561
0.961276425208
0.754583709047
0.969441939685
0.771866546438
0.93703035768
0.952810339645
0.977707644525
0.925859132351
0.83253181044
0.83017733694
0.898557258792
0.989980963831
0.934625788999
0.864743011722
0.966486324016
0.876565474401
0.910305831079

90000
0.9453461577
0.829125338142
0.819957920048
0.849013124937
0.989279631299
0.958070333634
0.712904518585
0.841498847811
0.897455164813
0.955966336038
0.961025949304
0.890992886484
0.91984771065
0.955816050496
0.96257889991
0.996092575894
0.972597936079
0.981264402364
0.911632100992
0.870153291253
0.979310690312
0.934826169722
0.967037371005
0.872056908125
0.96137661557
0.754333233143
0.968640416792
0.768309788598
0.937381023945
0.952109007114
0.977356978259
0.92575894199
0.831179240557
0.830227432121
0.899408876866
0.990181344555
0.936228834786
0.866295962328
0.966185752931
0.876665664763
0.910387235748

100000
