50000
0.938382927562
0.77852920549
0.812243262198
0.831429716461
0.987826871055
0.958671475804
0.687155595632
0.840897705641
0.863390441839
0.957719667368
0.955014527602
0.884029656347
0.912583909428
0.953862338443
0.958821761347
0.99403867348
0.967588417994
0.982266305981
0.906472297365
0.866897104499
0.974501552951
0.918545235948
0.966887085462
0.864943392446
0.956266907124
0.742961627091
0.966686704739
0.76365093678
0.933022743212
0.949654343252
0.975002504759
0.917843903416
0.825368199579
0.820108205591
0.896152690111
0.988578298768
0.937230738403
0.862087967138
0.957569381825
0.857779781585
0.902816601543

60000
0.945696823966
0.795862138062
0.82065925258
0.839895802024
0.988878869853
0.958671475804
0.700681294459
0.841348562268
0.8705540527
0.956717763751
0.954463480613
0.890692315399
0.916441238353
0.953261196273
0.959923855325
0.994940386735
0.969492034866
0.982717162609
0.911131149183
0.869702434626
0.977106502354
0.933323314297
0.968289750526
0.859432922553
0.955816050496
0.741909628294
0.965885181846
0.762548842801
0.934375313095
0.946698727582
0.977607454163
0.920048091374
0.824516581505
0.802975653742
0.901362588919
0.989379821661
0.939835687807
0.862087967138
0.95306081555
0.851868550245
0.904746518385

70000
0.946398156497
0.799118324817
0.820709347761
0.839144374311
0.989079250576
0.959523093878
0.700631199279
0.842400561066
0.877166616571
0.954413385432
0.955515479411
0.889439935878
0.915840096183
0.953912433624
0.958721570985
0.99524095782
0.968339845707
0.98276725779
0.911782386534
0.865043582807
0.977707644525
0.933824266106
0.967838893898
0.860134255085
0.956767858932
0.731489830678
0.964332231239
0.755084660856
0.934325217914
0.947099489029
0.977006311993
0.917292856427
0.826420198377
0.810039074241
0.900911732291
0.98932972648
0.939985973349
0.862087967138
0.957068430017
0.853872357479
0.904695170825

80000
0.945847109508
0.785442340447
0.820559062218
0.838392946599
0.988928965034
0.96022442641
0.700330628194
0.844003606853
0.879220518986
0.956517383028
0.956817954113
0.889289650336
0.916190762449
0.953461576996
0.959322713155
0.994990481916
0.968840797515
0.982917543332
0.905370203386
0.868700531009
0.976605550546
0.933573790201
0.968289750526
0.860585111712
0.957869952911
0.733643923455
0.965835086665
0.758941989781
0.934926360084
0.946598537221
0.977707644525
0.922753231139
0.824516581505
0.800721370604
0.901462779281
0.98932972648
0.937431119126
0.862037871957
0.956567478209
0.853772167118
0.904463480613

90000
0.946748822763
0.790251477808
0.818755635708
0.842300370704
0.989480012023
0.959873760144
0.700430818555
0.84320208396
0.877166616571
0.957018334836
0.955315098688
0.885582606953
0.918194569682
0.953561767358
0.959723474602
0.995090672277
0.969441939685
0.983017733694
0.910630197375
0.868951006913
0.977106502354
0.933673980563
0.968640416792
0.85988377918
0.957569381825
0.7458170524
0.965835086665
0.758941989781
0.934976455265
0.947650536018
0.977707644525
0.919547139565
0.827321911632
0.793207093478
0.902063921451
0.989980963831
0.937581404669
0.862087967138
0.955665764953
0.850616170724
0.904765304078

100000
0.945546538423
0.786444244064
0.820859633303
0.839595230939
0.988979060214
0.958871856527
0.70133253181
0.842450656247
0.867648532211
0.955916240858
0.95546538423
0.888488127442
0.913836288949
0.952710149284
0.959322713155
0.995391243362
0.96793908426
0.982917543332
0.90852619978
0.871255385232
0.977256787897
0.933724075744
0.968490131249
0.859533112915
0.958170523996
0.724726981264
0.965133754133
0.764051698227
0.935327121531
0.947049393848
0.977256787897
0.915890191364
0.826420198377
0.805630698327
0.902665063621
0.990081154193
0.939985973349
0.862087967138
0.956767858932
0.861587015329
0.904383328324
