50000
0.945847109508
0.81885582607
0.822162108005
0.848011221321
0.98993086865
0.954413385432
0.70544033664
0.837240757439
0.894750025048
0.958370904719
0.96137661557
0.877867949103
0.923254182948
0.947951107103
0.956317002304
0.996292956618
0.970043081856
0.978408977056
0.912934575694
0.876264903316
0.978659452961
0.935226931169
0.968039274622
0.871355575594
0.960474902314
0.749223524697
0.968840797515
0.769261597034
0.930568079351
0.9429916842
0.977256787897
0.926159703437
0.824266105601
0.824466486324
0.902715158802
0.98993086865
0.940587115519
0.862989680393
0.962679090272
0.870003005711
0.908285742912

60000
0.94714958421
0.82722172127
0.825518485122
0.852569882777
0.988027251778
0.959122332432
0.709798617373
0.843903416491
0.898306782887
0.959472998698
0.962979661357
0.889840697325
0.921250375714
0.954213004709
0.962779280633
0.996743813245
0.973098887887
0.982065925258
0.914287145577
0.876565474401
0.981064021641
0.93708045286
0.96793908426
0.871255385232
0.962378519186
0.751026951207
0.970644224026
0.772868450055
0.937230738403
0.951457769763
0.978108405971
0.927662558862
0.832431620078
0.836038473099
0.905270013025
0.990682296363
0.941589019136
0.866095581605
0.965033563771
0.882476705741
0.911831229336

70000
0.947951107103
0.827121530909
0.825268009218
0.850315599639
0.9869251578
0.96022442641
0.709998998096
0.8420498948
0.899809638313
0.960725378219
0.963029756537
0.89249574191
0.924907323915
0.953962528805
0.963580803527
0.996894098788
0.971195271015
0.982116020439
0.914788097385
0.874762047891
0.98161506863
0.937431119126
0.968940987877
0.871856527402
0.96318004208
0.74762047891
0.970794509568
0.772317403066
0.936228834786
0.952159102294
0.978408977056
0.927762749224
0.831529906823
0.833433523695
0.904618775674
0.990932772267
0.943793207093
0.866245867148
0.965835086665
0.883378418996
0.911905119727

80000
0.948552249274
0.827472197175
0.826320008015
0.853621881575
0.988327822863
0.960975854123
0.711251377617
0.843652940587
0.898206592526
0.95962328424
0.963129946899
0.890692315399
0.92455665765
0.955265003507
0.962478709548
0.997194669873
0.973199078249
0.981214307184
0.915990381725
0.875463380423
0.98216611562
0.937781785392
0.968339845707
0.874361286444
0.962729185452
0.745516481314
0.970493938483
0.771916641619
0.936779881775
0.952109007114
0.978809738503
0.928013225128
0.835287045386
0.836339044184
0.905019537121
0.991233343352
0.940887686605
0.867398056307
0.965183849314
0.882075944294
0.912240757439

90000
0.948301773369
0.824065724877
0.827021340547
0.852369502054
0.987426109608
0.960174331229
0.70544033664
0.835988377918
0.89965935277
0.959122332432
0.962478709548
0.893497645527
0.923855325118
0.952309387837
0.961877567378
0.996844003607
0.97269812644
0.981965734896
0.915739905821
0.876264903316
0.982116020439
0.937681595031
0.967137561367
0.871656146679
0.963330327622
0.750876665665
0.971145175834
0.772768259693
0.937431119126
0.952910530007
0.979060214407
0.928413986574
0.832832381525
0.839194469492
0.906372107003
0.990732391544
0.942590922753
0.868399959924
0.965384230037
0.8836288949
0.912019086264

100000
0.947650536018
0.827822863441
0.825568580303
0.852870453862
0.987676585512
0.960174331229
0.708295761948
0.840446849013
0.899759543132
0.959723474602
0.962228233644
0.891393647931
0.921701232341
0.952109007114
0.960925758942
0.996693718064
0.972046889089
0.981815449354
0.915639715459
0.875413285242
0.982516781886
0.937932070935
0.967788798718
0.872407574391
0.96318004208
0.747069431921
0.970944795111
0.775824065725
0.937330928765
0.952860434826
0.977757739705
0.929716461276
0.834735998397
0.838292756237
0.906071535918
0.990782486725
0.943091874562
0.868650435828
0.965183849314
0.881875563571
0.912099238553
