60000
0.944594729987
0.828924957419
0.822011822463
0.848462077948
0.988578298768
0.95726881074
0.710900711352
0.841198276726
0.895200881675
0.956317002304
0.961326520389
0.884480512975
0.924356276926
0.954613766156
0.959422903517
0.995792004809
0.973399458972
0.980963831279
0.912082957619
0.873559763551
0.977356978259
0.935477407073
0.968239655345
0.87230738403
0.959573189059
0.75473399459
0.967888989079
0.768610359683
0.93587816852
0.951457769763
0.978759643322
0.928263701032
0.83137962128
0.830427812844
0.901062017834
0.990081154193
0.939685402264
0.86344053702
0.966486324016
0.882126039475
0.910417292856

70000
0.944394349264
0.82837391043
0.823214106803
0.848311792406
0.988528203587
0.956317002304
0.712553852319
0.836789900812
0.897054403366
0.957018334836
0.96082556858
0.88778679491
0.922552850416
0.953010720369
0.960374711953
0.995942290352
0.972447650536
0.980613165014
0.911882576896
0.873108906923
0.977757739705
0.935076645627
0.96793908426
0.873710049093
0.96022442641
0.753331329526
0.968740607154
0.774020639215
0.935076645627
0.950906722773
0.978559262599
0.927812844404
0.830277527302
0.833433523695
0.898958020238
0.989730487927
0.939485021541
0.863741108105
0.966636609558
0.881324516582
0.910446097585

80000
0.94474501553
0.827071435728
0.821961727282
0.849714457469
0.988778679491
0.957719667368
0.71019937882
0.832431620078
0.897555355175
0.957519286645
0.960024045687
0.884831179241
0.924706943192
0.954563670975
0.96022442641
0.995892195171
0.974050696323
0.980462879471
0.913134956417
0.873259192466
0.977156597535
0.934174932372
0.967788798718
0.871606051498
0.960374711953
0.754233042781
0.968189560164
0.772467688608
0.935076645627
0.951257389039
0.979160404769
0.927812844404
0.830227432121
0.834485522493
0.903516681695
0.990231439735
0.937130548041
0.864843202084
0.965835086665
0.88122432622
0.910390992886

90000
0.944444444444
0.827872958621
0.821110109207
0.850616170724
0.989680392746
0.956767858932
0.71435727883
0.835186855025
0.896904117824
0.957669572187
0.961326520389
0.888287746719
0.922552850416
0.954563670975
0.959773569783
0.995942290352
0.974050696323
0.981164212003
0.912333433524
0.873209097285
0.977206692716
0.934776074542
0.967788798718
0.872056908125
0.959823664963
0.755635707845
0.968239655345
0.773669972949
0.936278929967
0.951157198677
0.979160404769
0.927412082958
0.831079050195
0.829225528504
0.901863540727
0.990582106001
0.936579501052
0.865895200882
0.965835086665
0.880472898507
0.91056382126

100000
0.945095681795
0.829976956217
0.822412583909
0.850315599639
0.988428013225
0.95726881074
0.713655946298
0.833834285142
0.896603546739
0.956968239655
0.961677186655
0.886083558762
0.925909227532
0.952109007114
0.95962328424
0.996042480713
0.972898507164
0.980813545737
0.911832481715
0.872207193668
0.977106502354
0.934174932372
0.967888989079
0.871906622583
0.95962328424
0.748622382527
0.968440036069
0.77021340547
0.93467588418
0.951658150486
0.979761546939
0.927812844404
0.831880573089
0.836389139365
0.902314397355
0.989730487927
0.936579501052
0.865494439435
0.966586514377
0.880472898507
0.910377216712
