50000
0.943693016732
0.828023244164
0.819256587516
0.845406271917
0.988478108406
0.957619477006
0.705290051097
0.829025147781
0.893748121431
0.949403867348
0.961226330027
0.891794409378
0.923504658852
0.951157198677
0.958821761347
0.995641719267
0.968139464983
0.981414687907
0.907724676886
0.869101292456
0.975603646929
0.931469792606
0.967989179441
0.86875062619
0.959773569783
0.74526600541
0.968640416792
0.764702935578
0.935777978159
0.947249774572
0.977156597535
0.922903516682
0.824867247771
0.832431620078
0.901763350366
0.989379821661
0.93883378419
0.863290251478
0.964532611963
0.87766756838
0.908163009718

60000
0.944995491434
0.83313295261
0.821160204388
0.849664362288
0.987977156598
0.958020238453
0.712052900511
0.829325718866
0.896002404569
0.958821761347
0.962679090272
0.885131750326
0.923204087767
0.954413385432
0.960274521591
0.995441338543
0.973750125238
0.981865544535
0.911131149183
0.872407574391
0.977607454163
0.935627692616
0.968740607154
0.871355575594
0.961176234846
0.754784089771
0.968840797515
0.769211501854
0.935076645627
0.950906722773
0.97800821561
0.926560464883
0.832832381525
0.833483618876
0.902665063621
0.991133152991
0.938132451658
0.86399158401
0.964933373409
0.880322612965
0.910421049995

70000
0.945195872157
0.83373409478
0.821360585112
0.850115218916
0.987626490332
0.958170523996
0.710950806532
0.8266205791
0.898406973249
0.958170523996
0.962378519186
0.890191363591
0.92099989981
0.949153391444
0.959673379421
0.995190862639
0.972197174632
0.980963831279
0.911682196173
0.871555956317
0.977006311993
0.936529405871
0.968339845707
0.872157098487
0.960324616772
0.755635707845
0.970343652941
0.773018735598
0.935176835988
0.95070634205
0.97745716862
0.924306181745
0.832481715259
0.83668971045
0.90321611061
0.990131249374
0.93763149985
0.86344053702
0.964432421601
0.878919947901
0.910307083459

80000
0.944294158902
0.831730287546
0.822813345356
0.848762649033
0.988327822863
0.957419096283
0.711952710149
0.820408776676
0.897304879271
0.957469191464
0.959573189059
0.888538222623
0.922602945597
0.950355675784
0.960124236048
0.995190862639
0.973950505961
0.979611261397
0.911632100992
0.872658050296
0.975503456567
0.935226931169
0.968490131249
0.871656146679
0.959923855325
0.756286945196
0.968189560164
0.768660454864
0.934776074542
0.95190862639
0.977557358982
0.924907323915
0.832281334536
0.835236950205
0.902414587717
0.990732391544
0.935828073339
0.865444344254
0.964131850516
0.877918044284
0.909794860234

90000
0.943542731189
0.832632000802
0.821811441739
0.847259793608
0.988377918044
0.958170523996
0.713655946298
0.82361486825
0.895100691313
0.958220619176
0.961476805931
0.888237651538
0.920298567278
0.953461576996
0.959322713155
0.995090672277
0.974050696323
0.981665163811
0.910730387737
0.87235747921
0.977156597535
0.935527502254
0.968640416792
0.872607955115
0.96082556858
0.750776475303
0.968640416792
0.772317403066
0.935126740808
0.950355675784
0.97800821561
0.92455665765
0.825718865845
0.827472197175
0.902815349163
0.990532010821
0.936379120329
0.867147580403
0.965033563771
0.877166616571
0.909647079451

100000
0.945897204689
0.833183047791
0.821560965835
0.848912934576
0.987476204789
0.957168620379
0.713255184851
0.820208395952
0.896152690111
0.956817954113
0.962528804729
0.884680893698
0.922703135958
0.949754533614
0.959873760144
0.995040577096
0.972497745717
0.981064021641
0.910880673279
0.870403767158
0.976655645727
0.935577597435
0.968239655345
0.871205290051
0.959873760144
0.754283137962
0.970443843302
0.767758741609
0.935577597435
0.952159102294
0.978058310791
0.92575894199
0.83137962128
0.836339044184
0.903065825068
0.990381725278
0.937932070935
0.866596533413
0.964833183048
0.874962428614
0.909778579301
