30000
0.939229391716
0.815377505632
0.814684304777
0.844145341113
0.988966553059
0.955923978973
0.709779908729
0.835249263474
0.888452429091
0.951995840795
0.960660851482
0.881173820114
0.913003292704
0.954190976836
0.959389983248
0.995436427705
0.966437525273
0.979550574779
0.900525677315
0.865345733926
0.973311767085
0.93414591878
0.967708393507
0.866558835423
0.957599214372
0.745017618855
0.966668592225
0.757379700768
0.932875050546
0.947316735024
0.976835538097
0.918317832592
0.81404887066
0.792501877419
0.897926174109
0.988157818728
0.936687655248
0.860897695107
0.960256484316
0.874241811565
0.904699324129

40000
0.942868696205
0.815377505632
0.809658598579
0.844087574375
0.989139853272
0.954190976836
0.708046906591
0.827566287332
0.884235457224
0.956617179828
0.961931719716
0.875108312634
0.921379469701
0.954537577263
0.960949685171
0.996245162036
0.970307896713
0.981168043441
0.906129050892
0.861706429438
0.974871469008
0.932701750332
0.968690428052
0.871353474669
0.9579458148
0.741493847842
0.965282190515
0.772514586101
0.932124082953
0.949974004968
0.977297672
0.919588700826
0.822251747444
0.821558546589
0.89954364277
0.989082086535
0.9369187222
0.860955461845
0.963433654902
0.871237941193
0.906251805211

50000
0.944890532032
0.809196464676
0.807116862111
0.840390503148
0.988504419155
0.952342441222
0.70891340766
0.832129859627
0.884408757437
0.957310380683
0.963606955115
0.877534515626
0.916873664144
0.951475940154
0.957830281324
0.99584079487
0.967997227197
0.980590376061
0.903760614638
0.868696204725
0.97481370227
0.933337184449
0.96817052741
0.869504939056
0.960372017792
0.738663277685
0.96707295939
0.764196175842
0.932586216856
0.951707007105
0.977702039166
0.918317832592
0.82207844723
0.826295419098
0.89844607475
0.9894864537
0.934781352897
0.860839928369
0.963606955115
0.876205880654
0.905939864826

60000
0.942926462943
0.82207844723
0.813009069378
0.84420310785
0.98919762001
0.954999711166
0.709491075039
0.828837155566
0.892727167697
0.958523482179
0.964415689446
0.882098087921
0.916931430882
0.952226907747
0.959736583675
0.996649529201
0.971578764947
0.980648142799
0.908035353244
0.871584541621
0.977990872855
0.937900756744
0.968517127838
0.871180174456
0.960603084744
0.750505458957
0.968401594362
0.765986944717
0.935012419849
0.949454104327
0.977933106117
0.919530934088
0.823233781988
0.826179885622
0.901392178384
0.990468488244
0.936803188724
0.860782161631
0.964531222922
0.876956848247
0.908081566634

70000
0.942753162729
0.822193980706
0.814395471088
0.844260874588
0.989659753914
0.956039512449
0.710242042632
0.828375021663
0.892842701173
0.958234648489
0.963953555543
0.883657789845
0.917855698689
0.952862341864
0.960198717578
0.996822829415
0.973022933395
0.981283576916
0.907919819768
0.870024839697
0.97758650569
0.936687655248
0.967939460459
0.871757841835
0.960949685171
0.750620992433
0.969441395644
0.763734041939
0.93414591878
0.951649240367
0.978048639593
0.923401305528
0.825602218243
0.832938593958
0.901276644908
0.990526254982
0.934261452256
0.860782161631
0.964820056611
0.875917046964
0.908467159609
