50000
50000
0.935226931169
0.799218515179
0.799819657349
0.83789199479
0.983568780683
0.951708245667
0.708796713756
0.807884981465
0.879721470795
0.943342350466
0.956016431219
0.840797515279
0.920298567278
0.95130748422
0.960675283038
0.991884580703
0.965384230037
0.977657549344
0.887235747921
0.860885682797
0.957669572187
0.92460675283
0.966085562569
0.86283939485
0.949453962529
0.734595731891
0.966636609558
0.724526600541
0.929215509468
0.92340446849
0.976304979461
0.917342951608
0.801623083859
0.809237551348
0.886985272017
0.985873159002
0.929516080553
0.86223825268
0.961126139665
0.857379020138
0.89714958421

60000
0.939785592626
0.817152589921
0.806482316401
0.838793708045
0.985272016832
0.953461576996
0.706492335437
0.819306682697
0.886935176836
0.952209197475
0.956567478209
0.8574792105
0.920599138363
0.951808436028
0.960324616772
0.993187055405
0.966586514377
0.979010119227
0.901763350366
0.86344053702
0.958771666166
0.924205991384
0.967137561367
0.86519386835
0.954463480613
0.728834786094
0.968089369803
0.761597034365
0.92816351067
0.945045586615
0.977356978259
0.918244664863
0.812393547741
0.815699829676
0.888137461176
0.986273920449
0.935727882978
0.86283939485
0.962178138463
0.859382827372
0.90190987877

70000
0.940336639615
0.818655445346
0.804077747721
0.837691614067
0.986474301172
0.954162909528
0.705891193267
0.817152589921
0.887335938283
0.951958721571
0.956016431219
0.864091774371
0.921500851618
0.951708245667
0.960675283038
0.993187055405
0.965233944495
0.978809738503
0.904568680493
0.862689109308
0.954463480613
0.926009417894
0.967388037271
0.865895200882
0.953712052901
0.732040877668
0.968189560164
0.758941989781
0.929816651638
0.945145776976
0.977306883078
0.918945997395
0.810940787496
0.814798116421
0.890491934676
0.986123634906
0.932121029957
0.862739204489
0.96257889991
0.861136158702
0.902025097686

80000
0.940937781785
0.817553351368
0.805981364593
0.838994088769
0.986123634906
0.953862338443
0.707444143873
0.819907824867
0.888237651538
0.950455866146
0.955816050496
0.862989680393
0.920649233544
0.952008816752
0.961677186655
0.992936579501
0.968389940888
0.978960024046
0.903516681695
0.863039775574
0.952660054103
0.92636008416
0.967638513175
0.864492535818
0.954764051698
0.728083358381
0.968289750526
0.760344654844
0.930568079351
0.944644825168
0.977206692716
0.918595331129
0.809187456167
0.816601542932
0.889389840697
0.986273920449
0.928363891394
0.862438633403
0.962779280633
0.861737300872
0.901997545336

90000
0.9406372107
0.819256587516
0.804929365795
0.838292756237
0.984169922853
0.954012623986
0.705139765555
0.816100591123
0.888237651538
0.951858531209
0.957318905921
0.86043482617
0.921801422703
0.951207293858
0.96022442641
0.993187055405
0.967888989079
0.978408977056
0.903316300972
0.861386634606
0.954713956517
0.927011321511
0.96673679992
0.865494439435
0.953561767358
0.732491734295
0.968440036069
0.763801222322
0.931319507063
0.945696823966
0.976104598738
0.91508866847
0.812894499549
0.81534916341
0.891443743112
0.986123634906
0.929666366096
0.862388538223
0.962128043282
0.862138062318
0.902010069131

100000
0.941037972147
0.819406873059
0.80758441038
0.839394850215
0.985071636109
0.95426309989
0.70724376315
0.810690311592
0.887536319006
0.951758340848
0.95666766857
0.859933874361
0.922101993788
0.951407674582
0.960725378219
0.992636008416
0.967388037271
0.980012022843
0.904919346759
0.863640917744
0.958521190261
0.927361987777
0.967388037271
0.865143773169
0.954213004709
0.735798016231
0.968339845707
0.761246368099
0.930618174532
0.945797014327
0.975954313195
0.918595331129
0.815599639315
0.815399258591
0.890491934676
0.986624586715
0.932070934776
0.862138062318
0.961677186655
0.859683398457
0.902402063921
