50000
0.913736098587
0.828524195972
0.803676986274
0.843402464683
0.989179440938
0.952810339645
0.698577296864
0.826921150185
0.882777276826
0.948251678189
0.958621380623
0.873108906923
0.923805229937
0.949303676986
0.956417192666
0.994389339746
0.950305580603
0.979010119227
0.886784891293
0.805079651338
0.967838893898
0.70844604749
0.96137661557
0.871405670774
0.872157098487
0.742160104198
0.966536419196
0.748973048793
0.931569982968
0.940336639615
0.953611862539
0.824416391143
0.809888788699
0.769211501854
0.830127241759
0.988678489129
0.928664462479
0.861937681595
0.930117222723
0.859783588819
0.885798016231

60000
0.911181244364
0.830978859834
0.809638312794
0.844153892396
0.988778679491
0.956517383028
0.698226630598
0.822913535718
0.886484320208
0.953010720369
0.958771666166
0.866796914137
0.923254182948
0.948702534816
0.95311091073
0.99463981565
0.94895301072
0.979561166216
0.892044885282
0.809337741709
0.969091273419
0.71736298968
0.961576996293
0.871956717764
0.871856527402
0.748772668069
0.967087466186
0.755735898207
0.93232141068
0.942190161306
0.953161005911
0.831479811642
0.809588217613
0.777827872959
0.834585712854
0.989830678289
0.926560464883
0.861887586414
0.929916842
0.864893297265
0.88736850015

70000
0.911682196173
0.828674481515
0.809888788699
0.844454463481
0.987927061417
0.955214908326
0.698126440236
0.821911632101
0.886684700932
0.951557960124
0.958921951708
0.870303576796
0.922152088969
0.946047490231
0.953862338443
0.994589720469
0.948702534816
0.97921049995
0.891042981665
0.80878669472
0.968590321611
0.716461276425
0.961627091474
0.871055004509
0.871555956317
0.74822162108
0.966887085462
0.755134756036
0.932822362489
0.943141969743
0.952409578199
0.830578098387
0.807083458571
0.779330728384
0.833583809238
0.989680392746
0.929666366096
0.862138062318
0.929816651638
0.865243963531
0.887119276626

80000
0.90972848412
0.828173529706
0.811241358581
0.845506462278
0.989279631299
0.957719667368
0.698477106502
0.810289550145
0.887035367198
0.952860434826
0.958220619176
0.870253481615
0.923755134756
0.945195872157
0.951708245667
0.994689910831
0.948552249274
0.977908025248
0.893497645527
0.808836789901
0.965935277026
0.715860134255
0.961627091474
0.871055004509
0.872056908125
0.748522192165
0.966486324016
0.755385231941
0.931870554053
0.94239054203
0.952860434826
0.826320008015
0.808987075443
0.775423304278
0.833984570684
0.990131249374
0.926510369702
0.862037871957
0.929916842
0.86283939485
0.886578248672

90000
0.910880673279
0.830377717664
0.807534315199
0.844905320108
0.989079250576
0.957419096283
0.698427011322
0.822362488729
0.886834986474
0.952910530007
0.958972046889
0.871606051498
0.921300470895
0.947450155295
0.953010720369
0.994389339746
0.94654844204
0.980713355375
0.891143172027
0.808686504358
0.968339845707
0.714507564372
0.961526901112
0.872056908125
0.869502053902
0.74586714758
0.96613565775
0.755184851217
0.932571886585
0.942340446849
0.952409578199
0.829926861036
0.80643222122
0.776525398257
0.833583809238
0.98993086865
0.925057609458
0.861887586414
0.929916842
0.864793106903
0.886826219818

100000
0.900010019036
0.715659753532
0.525047590422
0.794259092275
0.981665163811
0.857980162308
0.676685702835
0.779330728384
0.769712453662
0.927812844404
0.950455866146
0.832030858631
0.870754433424
0.943392445647
0.951357579401
0.923103897405
0.953411481815
0.968490131249
0.606602544835
0.539374812143
0.744464482517
0.505510469893
0.961276425208
0.848612363491
0.84500551047
0.704388337842
0.958070333634
0.717012323414
0.917994188959
0.928213605851
0.953611862539
0.51127141569
0.79395852119
0.746618575293
0.791954713957
0.970043081856
0.575593627893
0.862087967138
0.929916842
0.702534816151
0.810881925659
