50000
0.94178939986
0.826219817654
0.817553351368
0.847760745416
0.987927061417
0.954964432422
0.710049093277
0.839144374311
0.893347359984
0.950255485422
0.96082556858
0.890692315399
0.924456467288
0.95250976856
0.96082556858
0.994990481916
0.971044985472
0.981665163811
0.905320108206
0.870453862338
0.974902314397
0.930668269712
0.96733794209
0.869902815349
0.95666766857
0.741909628294
0.964833183048
0.771816451257
0.932621981765
0.949303676986
0.97565374211
0.924105801022
0.83017733694
0.832581905621
0.898256687707
0.988578298768
0.933573790201
0.863290251478
0.964883278229
0.87586414187
0.908218114417

60000
0.94539625288
0.828323815249
0.82186153692
0.850015028554
0.988528203587
0.958220619176
0.713104899309
0.831580002004
0.896803927462
0.956817954113
0.962478709548
0.88423003707
0.922352469692
0.951608055305
0.959322713155
0.995942290352
0.972447650536
0.981665163811
0.910780482918
0.873209097285
0.977707644525
0.934976455265
0.968690511973
0.871205290051
0.959673379421
0.752579901813
0.968339845707
0.773018735598
0.934024646829
0.951407674582
0.97745716862
0.927061416692
0.830327622483
0.83433523695
0.900010019036
0.990081154193
0.939184450456
0.863891393648
0.965434325218
0.878519186454
0.910065374211

70000
0.946398156497
0.828273720068
0.820709347761
0.849514076746
0.987576395151
0.956767858932
0.715759943893
0.825768961026
0.897455164813
0.956216811943
0.961526901112
0.883879370805
0.921150185352
0.950606151688
0.960675283038
0.996092575894
0.972597936079
0.981264402364
0.909528103396
0.873108906923
0.977908025248
0.934124837191
0.968139464983
0.87170624186
0.959923855325
0.754533613866
0.969542130047
0.774772066927
0.934375313095
0.950956817954
0.976956216812
0.92636008416
0.830227432121
0.835637711652
0.898156497345
0.98988077347
0.938382927562
0.865143773169
0.964482516782
0.876815950306
0.909822412584

80000
0.945446348061
0.829075242962
0.821560965835
0.849063220118
0.987977156598
0.957920048091
0.715509467989
0.818655445346
0.895902214207
0.956567478209
0.960474902314
0.882677086464
0.92220218415
0.950956817954
0.958621380623
0.996142671075
0.972748221621
0.980613165014
0.911231339545
0.873760144274
0.975603646929
0.935577597435
0.968089369803
0.872257288849
0.959973950506
0.753681995792
0.968239655345
0.770564071736
0.934024646829
0.952008816752
0.976956216812
0.924907323915
0.826871055005
0.834685903216
0.901963731089
0.98993086865
0.935176835988
0.866646628594
0.963881374612
0.877166616571
0.909382827372

90000
0.944494539625
0.827321911632
0.819657348963
0.847460174331
0.988027251778
0.958120428815
0.715008516181
0.824867247771
0.895852119026
0.954914337241
0.962679090272
0.883578799719
0.91924656848
0.952109007114
0.959072237251
0.995892195171
0.972848411983
0.98161506863
0.909427913035
0.872758240657
0.977657549344
0.935176835988
0.968940987877
0.870804528604
0.959272617974
0.752078950005
0.966836990282
0.774621781385
0.934525598637
0.951157198677
0.977306883078
0.925909227532
0.824566676686
0.833032762248
0.900961827472
0.990181344555
0.934425408276
0.867097485222
0.965434325218
0.87531309488
0.90925633704

100000
0.945296062519
0.830077146578
0.820158300771
0.845706843002
0.988528203587
0.956116621581
0.715309087266
0.826219817654
0.896453261196
0.955064622783
0.962278328825
0.8859833684
0.922552850416
0.948051297465
0.960324616772
0.995391243362
0.972648031259
0.980613165014
0.910680292556
0.870904718966
0.977807834886
0.934625788999
0.968289750526
0.870403767158
0.959472998698
0.753681995792
0.969642320409
0.768059312694
0.93467588418
0.951407674582
0.976906121631
0.924757038373
0.827923053802
0.836038473099
0.901763350366
0.989630297565
0.935427311893
0.867147580403
0.964933373409
0.874912333434
0.909396603547
