50000
0.944043682998
0.816000400761
0.81770363691
0.848812744214
0.989480012023
0.956417192666
0.704087766757
0.838292756237
0.896302975654
0.947550345657
0.959422903517
0.883729085262
0.922252279331
0.950956817954
0.9560665264
0.995691814447
0.970694319206
0.97981164212
0.910880673279
0.872006812945
0.968239655345
0.933122933574
0.968590321611
0.87115519487
0.959272617974
0.748021240357
0.967738703537
0.766957218716
0.935176835988
0.951006913135
0.97740707344
0.923654944394
0.821060014027
0.825067628494
0.899759543132
0.989580202385
0.920348662459
0.860885682797
0.962428614367
0.878719567178
0.907209948903

60000
0.945095681795
0.829025147781
0.821711251378
0.851417693618
0.988928965034
0.957769762549
0.71080052099
0.833082857429
0.896803927462
0.95546538423
0.961576996293
0.882727181645
0.923705039575
0.954313195071
0.963330327622
0.995591624086
0.971295461377
0.980763450556
0.914086764853
0.874160905721
0.978809738503
0.936329025148
0.96793908426
0.871956717764
0.959372808336
0.751878569282
0.968991083058
0.770964833183
0.937831880573
0.950906722773
0.977206692716
0.922853421501
0.824867247771
0.837190662258
0.904117823865
0.990582106001
0.939234545637
0.862588918946
0.96498346859
0.882176134656
0.910310840597

70000
0.946949203487
0.830828574291
0.820308586314
0.850916741809
0.988928965034
0.956817954113
0.707093477607
0.836238853822
0.897354974451
0.955866145677
0.96022442641
0.886484320208
0.923003707043
0.95306081555
0.960524997495
0.995291053001
0.971846508366
0.979911832482
0.912583909428
0.874010620178
0.979410880673
0.934725979361
0.968089369803
0.873108906923
0.960575092676
0.753531710249
0.967438132452
0.770914738002
0.93703035768
0.947550345657
0.977256787897
0.927311892596
0.826420198377
0.834685903216
0.899609257589
0.990632201182
0.935026550446
0.863089870754
0.964682897505
0.882025849113
0.910034064723

80000
0.947349964933
0.832682095982
0.82126039475
0.85272016832
0.988778679491
0.957068430017
0.711652139064
0.839895802024
0.896453261196
0.953862338443
0.961176234846
0.889089269612
0.915138763651
0.955014527602
0.963230137261
0.995391243362
0.972147079451
0.980813545737
0.912233243162
0.875012523795
0.979310690312
0.935677787797
0.967588417994
0.87170624186
0.961176234846
0.754633804228
0.96854022643
0.770413786194
0.938332832382
0.948101392646
0.977958120429
0.928263701032
0.832381524897
0.83909427913
0.902564873259
0.991032962629
0.940086163711
0.862538823765
0.964883278229
0.881775373209
0.910925758942

90000
0.947800821561
0.832632000802
0.820358681495
0.851467788799
0.989279631299
0.958270714357
0.709748522192
0.836489329726
0.89610259493
0.957369001102
0.960625187857
0.882326420198
0.923103897405
0.953211101092
0.960374711953
0.995491433724
0.971846508366
0.980563069833
0.913635908226
0.872457669572
0.978909928865
0.935026550446
0.968389940888
0.872708145476
0.960424807134
0.752479711452
0.969191463781
0.770363691013
0.937881975754
0.951808436028
0.978058310791
0.928113415489
0.829175433323
0.83548742611
0.900711351568
0.991133152991
0.936228834786
0.863139965935
0.964482516782
0.880122232241
0.910424807134

100000
0.946648632402
0.831229335738
0.821510870654
0.851417693618
0.988628393949
0.958320809538
0.710099188458
0.835036569482
0.89785592626
0.95781985773
0.960174331229
0.885582606953
0.921300470895
0.954413385432
0.960675283038
0.99524095782
0.972297364993
0.98041278429
0.912884480513
0.873459573189
0.978759643322
0.935377216712
0.968690511973
0.872958621381
0.960274521591
0.752329425909
0.968289750526
0.773369401864
0.93883378419
0.952459673379
0.978258691514
0.927913034766
0.831580002004
0.836990281535
0.902514778078
0.990632201182
0.939535116722
0.864542630999
0.963129946899
0.877918044284
0.910734144875
