60000
0.945797014327
0.825718865845
0.821560965835
0.847109508065
0.987977156598
0.958571285442
0.712453661958
0.838843803226
0.896954213005
0.956317002304
0.962027852921
0.884630798517
0.924406372107
0.954914337241
0.962879470995
0.995040577096
0.973399458972
0.980512974652
0.911882576896
0.87235747921
0.978158501152
0.935828073339
0.968991083058
0.869401863541
0.960575092676
0.756938182547
0.96854022643
0.771866546438
0.937280833584
0.94950405771
0.978459072237
0.924055705841
0.833533714057
0.837391042982
0.899158400962
0.990682296363
0.937130548041
0.863390441839
0.966386133654
0.878168520188
0.910469892796

70000
0.944895301072
0.826670674281
0.820559062218
0.844604749023
0.989079250576
0.959372808336
0.71315499449
0.835086664663
0.898607353973
0.955665764953
0.960775473399
0.884931369602
0.925458370905
0.955064622783
0.962178138463
0.994589720469
0.973399458972
0.980663260194
0.911632100992
0.872658050296
0.978459072237
0.93647931069
0.968440036069
0.86875062619
0.959422903517
0.75533513676
0.968840797515
0.769812644024
0.937982166116
0.95010519988
0.978258691514
0.923805229937
0.831680192365
0.834836188759
0.898958020238
0.990331630097
0.936128644424
0.864141869552
0.966636609558
0.876615569582
0.910101693217

80000
0.945245967338
0.826520388739
0.820158300771
0.845857128544
0.98872858431
0.958721570985
0.714407374011
0.834235046589
0.897104498547
0.958270714357
0.961476805931
0.884630798517
0.920248472097
0.953712052901
0.963129946899
0.995190862639
0.972648031259
0.980963831279
0.911481815449
0.871405670774
0.978809738503
0.936228834786
0.967888989079
0.870604147881
0.959723474602
0.754333233143
0.968940987877
0.772668069332
0.937831880573
0.950906722773
0.979010119227
0.92280332632
0.834034665865
0.833683999599
0.897705640717
0.990732391544
0.935327121531
0.863390441839
0.965885181846
0.876214808135
0.910021540928

90000
0.944895301072
0.829225528504
0.819807634506
0.845857128544
0.989129345757
0.959272617974
0.711652139064
0.837641518886
0.897004308186
0.955365193868
0.960625187857
0.886885081655
0.924907323915
0.955164813145
0.962528804729
0.994940386735
0.971996793908
0.981214307184
0.912433623885
0.868500150286
0.977607454163
0.935176835988
0.968039274622
0.869201482817
0.960024045687
0.753481615069
0.967438132452
0.769161406673
0.937481214307
0.948552249274
0.978459072237
0.922853421501
0.829325718866
0.832682095982
0.897004308186
0.990782486725
0.932972648031
0.864743011722
0.96613565775
0.876365093678
0.909663360385

100000
0.945145776976
0.827121530909
0.818404969442
0.84620779481
0.988628393949
0.958871856527
0.712052900511
0.837391042982
0.897104498547
0.957769762549
0.96137661557
0.884380322613
0.925558561266
0.95486424206
0.963831279431
0.995190862639
0.972247269813
0.981064021641
0.912082957619
0.870854623785
0.978809738503
0.935677787797
0.96793908426
0.869001102094
0.960625187857
0.752830377718
0.96854022643
0.769712453662
0.937180643222
0.948552249274
0.979010119227
0.922101993788
0.830928764653
0.834585712854
0.898306782887
0.990582106001
0.933974551648
0.864893297265
0.966035467388
0.874661857529
0.909852469692
