30000
0.93969152562
0.806365894518
0.806481427994
0.839928369245
0.988735486107
0.950436138871
0.699728496332
0.828259488187
0.889376696898
0.950724972561
0.959678816937
0.881867020969
0.917913465427
0.950956039512
0.959794350413
0.99584079487
0.970076829761
0.979954941944
0.899659176246
0.863497198313
0.970538963665
0.927444977182
0.967708393507
0.87106464098
0.958870082606
0.743573450407
0.969094795217
0.769626249206
0.930391080816
0.949742938016
0.975911270291
0.920397435157
0.816590607128
0.81711050777
0.89209173358
0.988908786321
0.934781352897
0.860782161631
0.96152735255
0.871006874242
0.904403269597

40000
0.94078909364
0.818554676217
0.804286291953
0.839061868176
0.987811218301
0.956328346138
0.706949338571
0.824389116747
0.884119923748
0.949396337589
0.961642886026
0.875859280226
0.92195713708
0.946276933742
0.954826410953
0.996245162036
0.969903529548
0.9789729074
0.901623245335
0.862168563341
0.971636531685
0.932181849691
0.96955692912
0.8616486627
0.957252613945
0.744439951476
0.968574894576
0.760556871353
0.932239616429
0.947027901334
0.976777771359
0.920397435157
0.821327479637
0.829125989255
0.898503841488
0.988908786321
0.936745421986
0.860897695107
0.96320258795
0.862630697245
0.904619894865

50000
0.943446363584
0.813933337184
0.811969268095
0.840217202935
0.987406851135
0.951938074057
0.712668245624
0.817283807983
0.88654612674
0.956212812662
0.961296285599
0.875108312634
0.909941655595
0.951995840795
0.962509387095
0.996360695512
0.969672462596
0.98035930911
0.903182947259
0.866327768471
0.973947201202
0.933799318352
0.96707295939
0.870891340766
0.95904338282
0.747963722489
0.969037028479
0.766795679048
0.935994454393
0.94962740454
0.975218069436
0.921610536653
0.823118248513
0.825833285194
0.897810640633
0.988851019583
0.925480908093
0.861186528797
0.959909883889
0.871122407718
0.905567269366

60000
0.94604586679
0.823349315464
0.814626538039
0.840737103576
0.989428686962
0.958119115014
0.71307261279
0.824158049795
0.895788804806
0.957888048062
0.963433654902
0.879845185142
0.918144532378
0.953035642077
0.96042978453
0.996533995725
0.972271965802
0.981399110392
0.905840217203
0.866674368898
0.976720004621
0.935127953324
0.967766160245
0.870371440125
0.959563283461
0.750447692219
0.968343827624
0.76922188204
0.936052221131
0.949511871065
0.976777771359
0.92253480446
0.825717751719
0.834902663047
0.898215007799
0.9894864537
0.934665819421
0.862284096817
0.966437525273
0.871469008145
0.908160995899

70000
0.94465946508
0.824446883484
0.807925596442
0.842123505286
0.988735486107
0.956674946566
0.712841545838
0.824273583271
0.891571832939
0.955519611808
0.962798220784
0.877650049102
0.918722199757
0.952457974698
0.961238518861
0.996014095084
0.972445266016
0.981341343654
0.905262549824
0.866847669112
0.975680203339
0.933741551615
0.968054993934
0.871122407718
0.959563283461
0.750563225695
0.968054993934
0.768586447923
0.935474553752
0.950782739299
0.977702039166
0.922765871411
0.828086187973
0.833805095026
0.898850441916
0.989890820865
0.936687655248
0.863554965051
0.965282190515
0.871006874242
0.907820172145
