50000
0.942290351668
0.832181144174
0.814998497145
0.846508365895
0.988377918044
0.957318905921
0.699979961928
0.836288949003
0.891543933474
0.95130748422
0.960424807134
0.887686604549
0.923354373309
0.951357579401
0.9584209999
0.995491433724
0.969842701132
0.980462879471
0.910780482918
0.872658050296
0.974251077046
0.932371505861
0.968289750526
0.8705540527
0.960725378219
0.742911531911
0.966185752931
0.76901112113
0.934174932372
0.948552249274
0.975854122833
0.923053802224
0.827271816451
0.829876765855
0.901512874461
0.98932972648
0.937831880573
0.862338443042
0.962178138463
0.880923755135
0.90821185252

60000
0.944494539625
0.833784189961
0.822312393548
0.850165314097
0.988027251778
0.958571285442
0.707193667969
0.840446849013
0.895150786494
0.956266907124
0.962128043282
0.885732892496
0.922853421501
0.955114717964
0.960625187857
0.996092575894
0.9714958421
0.981414687907
0.913986574492
0.873359382827
0.979360785492
0.937330928765
0.968189560164
0.873309287647
0.961326520389
0.755184851217
0.969241558962
0.775172828374
0.936529405871
0.949604248071
0.976755836089
0.927361987777
0.831730287546
0.830878669472
0.9014126841
0.98988077347
0.939935878169
0.863490632201
0.963831279431
0.882526800922
0.910806782887

70000
0.945546538423
0.833633904418
0.822262298367
0.852920549043
0.987876966236
0.957869952911
0.712553852319
0.838042280333
0.897004308186
0.958471095081
0.961777377016
0.889239555155
0.923204087767
0.952910530007
0.960625187857
0.996142671075
0.971545937281
0.981715258992
0.914437431119
0.873259192466
0.979561166216
0.937230738403
0.967688608356
0.873359382827
0.960975854123
0.755184851217
0.970143272217
0.77672577898
0.936679691414
0.949754533614
0.97685602645
0.92696122633
0.829776575493
0.832331429716
0.902164111812
0.989830678289
0.939935878169
0.86399158401
0.963731089069
0.881324516582
0.911131149183

80000
0.946197775774
0.832181144174
0.82126039475
0.851167217714
0.98812744214
0.958871856527
0.710750425809
0.826921150185
0.895301072037
0.958671475804
0.962077948101
0.886734796113
0.922101993788
0.95426309989
0.96137661557
0.996042480713
0.971696222823
0.980813545737
0.914036669672
0.873760144274
0.977306883078
0.935727882978
0.967137561367
0.872507764753
0.961025949304
0.755635707845
0.968139464983
0.776876064523
0.93587816852
0.94955415289
0.977206692716
0.927111511873
0.827522292355
0.8289750526
0.904518585312
0.989379821661
0.934826169722
0.864843202084
0.963981564973
0.881474802124
0.910299569181

90000
0.945797014327
0.832882476706
0.82301372608
0.851718264703
0.988377918044
0.958671475804
0.708646428214
0.834285141769
0.896252880473
0.958921951708
0.96197775774
0.888738603346
0.920899709448
0.953812243262
0.959723474602
0.995942290352
0.972046889089
0.981865544535
0.912533814247
0.873559763551
0.979511071035
0.937130548041
0.967989179441
0.873259192466
0.961276425208
0.755535517483
0.969592225228
0.777577397054
0.935126740808
0.949003105901
0.977807834886
0.927211702234
0.824917342952
0.823514677888
0.902264302174
0.989680392746
0.937531309488
0.865294058712
0.963630898708
0.879671375614
0.910429816652

100000
0.946097585412
0.833633904418
0.821811441739
0.850515980363
0.987426109608
0.95781985773
0.713305280032
0.833633904418
0.895200881675
0.955615669773
0.96257889991
0.888638412985
0.924706943192
0.953461576996
0.96082556858
0.99584209999
0.97089469993
0.98161506863
0.913185051598
0.87230738403
0.979711451758
0.934725979361
0.967638513175
0.872708145476
0.960274521591
0.753030758441
0.97089469993
0.770614166917
0.936379120329
0.950656246869
0.976755836089
0.926560464883
0.831229335738
0.833784189961
0.904518585312
0.989730487927
0.937381023945
0.865694820158
0.963731089069
0.878569281635
0.910592625989
