50000
0.938132451658
0.810139264603
0.803376415189
0.832181144174
0.983668971045
0.950055104699
0.705941288448
0.797114517583
0.880973850316
0.942440637211
0.955966336038
0.842951608055
0.913134956417
0.948652439635
0.959322713155
0.991333533714
0.96673679992
0.978509167418
0.892145075644
0.855525498447
0.959673379421
0.915940286544
0.967087466186
0.858831780383
0.953511672177
0.731339545136
0.966285943292
0.731038974051
0.927913034766
0.929966937181
0.974251077046
0.908275723875
0.809187456167
0.808385933273
0.885181845506
0.983869351768
0.928914938383
0.861987776776
0.961226330027
0.850666265905
0.896545937281

60000
0.939685402264
0.815148782687
0.80698326821
0.838743612864
0.985021540928
0.951407674582
0.705390241459
0.812794309187
0.888137461176
0.94895301072
0.956868049294
0.867748722573
0.91508866847
0.950906722773
0.959923855325
0.992385532512
0.964883278229
0.979611261397
0.89785592626
0.857980162308
0.956216811943
0.918945997395
0.966636609558
0.862989680393
0.955014527602
0.72327422102
0.967237751728
0.753381424707
0.928664462479
0.94594729987
0.974952409578
0.914337240757
0.813245165815
0.812443642922
0.887285843102
0.984821160204
0.930117222723
0.86223825268
0.961226330027
0.856377116521
0.900271766356

70000
0.939935878169
0.816952209197
0.804478509167
0.839244564673
0.986273920449
0.95070634205
0.706291954714
0.807484220018
0.887886985272
0.949253581805
0.956517383028
0.864542630999
0.915539525098
0.949303676986
0.958921951708
0.993036769863
0.963129946899
0.980062118024
0.90021039976
0.857779781585
0.95546538423
0.921951708246
0.965835086665
0.863340346659
0.955114717964
0.727882977658
0.967137561367
0.754683899409
0.930467888989
0.944845205891
0.97505259994
0.91273419497
0.813395451358
0.811391644124
0.889339745516
0.985472397555
0.929816651638
0.862288347861
0.960675283038
0.857579400862
0.900300571085

80000
0.940887686605
0.817152589921
0.805530507965
0.83904418395
0.985923254183
0.949854723976
0.706241859533
0.812593928464
0.888688508166
0.949303676986
0.956216811943
0.866346057509
0.915439334736
0.950956817954
0.960124236048
0.992836389139
0.964732992686
0.97981164212
0.898907925058
0.857128544234
0.954613766156
0.922051898607
0.966035467388
0.863340346659
0.95486424206
0.724726981264
0.96733794209
0.755585612664
0.930417793808
0.944444444444
0.975202885482
0.913084861236
0.810890692315
0.812293357379
0.889039174431
0.985272016832
0.929165414287
0.86223825268
0.961126139665
0.859933874361
0.900484670875

90000
0.939985973349
0.816601542932
0.804829175433
0.838292756237
0.985322112013
0.950305580603
0.706241859533
0.807784791103
0.889089269612
0.948452058912
0.957018334836
0.863841298467
0.91744314197
0.950055104699
0.959122332432
0.992986674682
0.965734896303
0.979911832482
0.898557258792
0.856677687606
0.95546538423
0.922402564873
0.966235848111
0.864292155095
0.954814146879
0.725328123435
0.967588417994
0.756387135558
0.931269411883
0.945496443242
0.975353171025
0.911281434726
0.811091073039
0.812744214007
0.889990982867
0.985622683098
0.930467888989
0.861837491233
0.96142671075
0.859783588819
0.900428313796

100000
0.940136258892
0.813295260996
0.809037170624
0.839545135758
0.985272016832
0.952058911933
0.706191764352
0.802224226029
0.888638412985
0.950005009518
0.956417192666
0.858931970744
0.917292856427
0.951157198677
0.959523093878
0.992786293959
0.965334134856
0.980713355375
0.900460875664
0.858230638213
0.958120428815
0.920949804629
0.966536419196
0.863891393648
0.954914337241
0.730688307785
0.967087466186
0.753481615069
0.930367698627
0.945897204689
0.975152790302
0.913686003406
0.8135457369
0.812143071836
0.889239555155
0.985572587917
0.930167317904
0.862037871957
0.961076044485
0.858881875564
0.900517232742
