50000
0.941488828775
0.828674481515
0.811291453762
0.837140567077
0.986724777076
0.95311091073
0.708395952309
0.828724576696
0.888087365995
0.951207293858
0.957519286645
0.87766756838
0.923254182948
0.950505961327
0.958320809538
0.99403867348
0.969391844505
0.978960024046
0.904468490131
0.863089870754
0.971195271015
0.928013225128
0.966436228835
0.86399158401
0.955415289049
0.73454563671
0.967037371005
0.768159503056
0.934625788999
0.935477407073
0.976304979461
0.920749423905
0.821410680293
0.824716962228
0.891994790101
0.987977156598
0.933323314297
0.861386634606
0.963230137261
0.869502053902
0.904688908927

60000
0.942590922753
0.832030858631
0.815399258591
0.841999799619
0.986975252981
0.955916240858
0.709798617373
0.828173529706
0.894850215409
0.952910530007
0.960775473399
0.871606051498
0.920599138363
0.952609958922
0.959272617974
0.994439434926
0.971746318004
0.980312593928
0.907874962429
0.866696723775
0.973098887887
0.934024646829
0.966686704739
0.871055004509
0.957118525198
0.741759342751
0.968740607154
0.771165213906
0.933924456467
0.948051297465
0.97625488428
0.923504658852
0.821961727282
0.826219817654
0.897906021441
0.988327822863
0.934976455265
0.864191964733
0.961677186655
0.874461476806
0.907042130047

70000
0.942440637211
0.832682095982
0.815198877868
0.845055605651
0.986524396353
0.956968239655
0.709998998096
0.825217914037
0.893898406973
0.952309387837
0.959673379421
0.876164712955
0.920549043182
0.952109007114
0.959823664963
0.994239054203
0.9714958421
0.980212403567
0.908676485322
0.866045486424
0.972998697525
0.933974551648
0.966586514377
0.87170624186
0.957068430017
0.745115719868
0.969441939685
0.771115118726
0.934525598637
0.947249774572
0.975904218014
0.923504658852
0.821611061016
0.828073339345
0.898006211802
0.988628393949
0.936278929967
0.86399158401
0.962178138463
0.874010620178
0.907281334536

80000
0.941889590221
0.831830477908
0.816200781485
0.844504558661
0.986824967438
0.957369001102
0.70964833183
0.821009918846
0.89309688408
0.952559863741
0.959172427612
0.875713856327
0.919997996193
0.951057008316
0.958871856527
0.99408876866
0.971596032462
0.979761546939
0.907925057609
0.865845105701
0.971295461377
0.934625788999
0.966686704739
0.870203386434
0.957419096283
0.742811341549
0.968339845707
0.769261597034
0.935076645627
0.949153391444
0.976655645727
0.922653040777
0.819857729686
0.826971245366
0.898958020238
0.988678489129
0.933924456467
0.862889490031
0.959372808336
0.874010620178
0.90669522092

90000
0.942791303477
0.833183047791
0.81710249474
0.843502655045
0.986474301172
0.956968239655
0.710650235447
0.824065724877
0.893146979261
0.95311091073
0.960274521591
0.878569281635
0.916641619076
0.952910530007
0.959723474602
0.994840196373
0.970994890292
0.980112213205
0.90797515279
0.86699729486
0.974100791504
0.935126740808
0.966937180643
0.870053100892
0.957869952911
0.740206392145
0.969241558962
0.771415689811
0.934275122733
0.948201583008
0.976405169823
0.923153992586
0.820208395952
0.827271816451
0.899959923855
0.988578298768
0.934876264903
0.864442440637
0.962128043282
0.87471195271
0.907229986975
