50000
0.931569982968
0.793607854924
0.806632601944
0.829976956217
0.983618875864
0.956116621581
0.698827772768
0.826670674281
0.882576896103
0.952209197475
0.953461576996
0.856427211702
0.913034766056
0.950305580603
0.958120428815
0.990181344555
0.965985372207
0.974802124036
0.898106402164
0.858230638213
0.965684801122
0.910479911832
0.962077948101
0.852319406873
0.948852820359
0.735297064422
0.963580803527
0.747069431921
0.923003707043
0.94539625288
0.969542130047
0.909828674482
0.808335838092
0.800270513977
0.883328323815
0.986975252981
0.935727882978
0.862188157499
0.958921951708
0.864242059914
0.897839645326

60000
0.933373409478
0.801172227232
0.807985171826
0.829626289951
0.983268209598
0.955515479411
0.701432722172
0.820158300771
0.888087365995
0.955265003507
0.953561767358
0.873159002104
0.91568981064
0.949654343252
0.956717763751
0.991433724076
0.964181945697
0.976405169823
0.899759543132
0.859483017734
0.968940987877
0.914888287747
0.961576996293
0.852870453862
0.949303676986
0.741809437932
0.96854022643
0.747319907825
0.923905420299
0.946197775774
0.969291654143
0.91388638413
0.810540026049
0.805129746518
0.883829275624
0.987075443342
0.935978358882
0.862087967138
0.960324616772
0.865494439435
0.899623033764

70000
0.933173028755
0.802574892295
0.806732792305
0.830127241759
0.983268209598
0.955866145677
0.701182246268
0.823164011622
0.888838793708
0.954814146879
0.954162909528
0.877116521391
0.914738002204
0.949904819156
0.956968239655
0.991483819257
0.966085562569
0.97625488428
0.898707544334
0.860635206893
0.968940987877
0.914387335938
0.96197775774
0.853171024947
0.950205390241
0.740707343954
0.968239655345
0.748171525899
0.924456467288
0.946348061317
0.969441939685
0.913435527502
0.811842500751
0.803827271816
0.885031559964
0.9869251578
0.936128644424
0.86223825268
0.959973950506
0.865093677988
0.899908576295

80000
0.933724075744
0.802424606753
0.809938883879
0.830978859834
0.984470493938
0.956016431219
0.701833483619
0.821510870654
0.889289650336
0.954413385432
0.954413385432
0.876314998497
0.915639715459
0.949153391444
0.95666766857
0.991884580703
0.966586514377
0.976154693918
0.899609257589
0.858831780383
0.969842701132
0.914838192566
0.96197775774
0.854223023745
0.951507864943
0.743913435528
0.968339845707
0.747921049995
0.925257990181
0.945596633604
0.96974251077
0.913535717864
0.812042881475
0.81059012123
0.88478108406
0.987676585512
0.936779881775
0.862087967138
0.959973950506
0.867147580403
0.900440837591

90000
0.934325217914
0.803226129646
0.809538122433
0.8313295261
0.984520589119
0.955515479411
0.702083959523
0.822011822463
0.888187556357
0.954563670975
0.954713956517
0.878418996093
0.916240857629
0.949253581805
0.956417192666
0.991533914437
0.966185752931
0.976505360184
0.898707544334
0.858881875564
0.970744414387
0.915539525098
0.961877567378
0.854373309288
0.951708245667
0.742711151187
0.969291654143
0.750275523495
0.925308085362
0.94594729987
0.96974251077
0.914387335938
0.812042881475
0.812193167017
0.886534415389
0.987826871055
0.93708045286
0.86223825268
0.960474902314
0.866596533413
0.900726380122

100000
0.933874361286
0.802725177838
0.81174231039
0.830227432121
0.98517182647
0.955615669773
0.702234245066
0.819607253782
0.888638412985
0.954363290251
0.954613766156
0.876815950306
0.91689209498
0.948151487827
0.955765955315
0.991884580703
0.966235848111
0.975904218014
0.900761446749
0.85988377918
0.969492034866
0.915639715459
0.962027852921
0.854473499649
0.950906722773
0.743061817453
0.969291654143
0.749724476505
0.925308085362
0.945797014327
0.969391844505
0.913686003406
0.813195070634
0.811441739305
0.885131750326
0.988027251778
0.93647931069
0.862538823765
0.960424807134
0.868650435828
0.900644975453
