50000
0.933072838393
0.792104999499
0.80522993688
0.828574291153
0.984470493938
0.953962528805
0.696823965535
0.823164011622
0.882977657549
0.950806532412
0.95486424206
0.87230738403
0.916341047991
0.946849013125
0.956116621581
0.988478108406
0.966285943292
0.973950505961
0.890341649133
0.850265504458
0.965784991484
0.911832481715
0.962528804729
0.853120929767
0.950405770965
0.728333834285
0.966786895101
0.74526600541
0.923354373309
0.942791303477
0.969341749324
0.910580102194
0.806582506763
0.80287546338
0.883929465985
0.98632401563
0.935427311893
0.862188157499
0.959222522793
0.86344053702
0.897427612464

60000
0.933423504659
0.794810139265
0.809888788699
0.831479811642
0.985071636109
0.954613766156
0.701783388438
0.822212203186
0.886434225028
0.953611862539
0.954663861337
0.870203386434
0.917793808236
0.947951107103
0.956868049294
0.989980963831
0.966085562569
0.977056407174
0.897154593728
0.855375212905
0.968039274622
0.915890191364
0.962628995091
0.854623785192
0.950405770965
0.743412483719
0.968940987877
0.746468289751
0.923053802224
0.944945396253
0.969642320409
0.914086764853
0.810439835688
0.808536218816
0.883077847911
0.987776775874
0.934375313095
0.862639014127
0.959573189059
0.865995391243
0.899525348162

70000
0.93347359984
0.795060615169
0.809237551348
0.832982667067
0.983919446949
0.954012623986
0.700931770364
0.824165915239
0.887035367198
0.954764051698
0.954713956517
0.868299769562
0.917793808236
0.948702534816
0.957419096283
0.990131249374
0.966386133654
0.976705740908
0.895952309388
0.856827973149
0.968740607154
0.915489429917
0.962628995091
0.854373309288
0.949704438433
0.744113816251
0.968590321611
0.747169622282
0.923454563671
0.945446348061
0.970694319206
0.912984670875
0.80998897906
0.80522993688
0.885532511772
0.986824967438
0.935928263701
0.862689109308
0.960024045687
0.864692916541
0.899570433824

80000
0.932772267308
0.796262899509
0.813044785092
0.830878669472
0.985071636109
0.953561767358
0.703236148682
0.821560965835
0.886434225028
0.955064622783
0.955164813145
0.868049293658
0.917593427512
0.947249774572
0.956517383028
0.990431820459
0.96558461076
0.976304979461
0.90026049494
0.856327021341
0.968389940888
0.916491333534
0.963129946899
0.855174832181
0.949604248071
0.744865243964
0.968289750526
0.747319907825
0.924356276926
0.945195872157
0.970844604749
0.913084861236
0.809888788699
0.808836789901
0.884029656347
0.98752629997
0.934525598637
0.862939585212
0.959472998698
0.867147580403
0.899812143072

90000
0.934475503457
0.797114517583
0.811892595932
0.830978859834
0.984771065024
0.953411481815
0.700531008917
0.824616771867
0.887486223825
0.954313195071
0.955816050496
0.872708145476
0.91689209498
0.949103296263
0.956918144475
0.990281534916
0.966987275824
0.977356978259
0.896302975654
0.857729686404
0.969191463781
0.917042380523
0.962779280633
0.855174832181
0.950906722773
0.743512674081
0.969191463781
0.74762047891
0.92455665765
0.945897204689
0.970644224026
0.91388638413
0.809538122433
0.809738503156
0.884730988879
0.987476204789
0.936278929967
0.862488728584
0.959372808336
0.865995391243
0.900142771265

100000
0.93467588418
0.798266706743
0.812092976656
0.83137962128
0.98577296864
0.954563670975
0.702184149885
0.823965534516
0.886334034666
0.954413385432
0.955866145677
0.867999198477
0.917342951608
0.948652439635
0.956417192666
0.990782486725
0.967087466186
0.977206692716
0.900460875664
0.858380923755
0.969191463781
0.917092475704
0.963430517984
0.856427211702
0.951207293858
0.746117623485
0.968991083058
0.749223524697
0.924456467288
0.944494539625
0.97089469993
0.914587716662
0.811491834486
0.809187456167
0.886985272017
0.987726680693
0.934926360084
0.863089870754
0.960124236048
0.867398056307
0.90052224226
50000
0.933072838393
0.792104999499
0.80522993688
0.828574291153
0.984470493938
0.953962528805
0.696823965535
0.823164011622
0.882977657549
0.950806532412
0.95486424206
0.87230738403
0.916341047991
0.946849013125
0.956116621581
0.988478108406
0.966285943292
0.973950505961
0.890341649133
0.850265504458
0.965784991484
0.911832481715
0.962528804729
0.853120929767
0.950405770965
0.728333834285
0.966786895101
0.74526600541
0.923354373309
0.942791303477
0.969341749324
0.910580102194
0.806582506763
0.80287546338
0.883929465985
0.98632401563
0.935427311893
0.862188157499
0.959222522793
0.86344053702
0.897427612464

60000
0.933423504659
0.794810139265
0.809888788699
0.831479811642
0.985071636109
0.954613766156
0.701783388438
0.822212203186
0.886434225028
0.953611862539
0.954663861337
0.870203386434
0.917793808236
0.947951107103
0.956868049294
0.989980963831
0.966085562569
0.977056407174
0.897154593728
0.855375212905
0.968039274622
0.915890191364
0.962628995091
0.854623785192
0.950405770965
0.743412483719
0.968940987877
0.746468289751
0.923053802224
0.944945396253
0.969642320409
0.914086764853
0.810439835688
0.808536218816
0.883077847911
0.987776775874
0.934375313095
0.862639014127
0.959573189059
0.865995391243
0.899525348162

70000
0.93347359984
0.795060615169
0.809237551348
0.832982667067
0.983919446949
0.954012623986
0.700931770364
0.824165915239
0.887035367198
0.954764051698
0.954713956517
0.868299769562
0.917793808236
0.948702534816
0.957419096283
0.990131249374
0.966386133654
0.976705740908
0.895952309388
0.856827973149
0.968740607154
0.915489429917
0.962628995091
0.854373309288
0.949704438433
0.744113816251
0.968590321611
0.747169622282
0.923454563671
0.945446348061
0.970694319206
0.912984670875
0.80998897906
0.80522993688
0.885532511772
0.986824967438
0.935928263701
0.862689109308
0.960024045687
0.864692916541
0.899570433824

80000
0.932772267308
0.796262899509
0.813044785092
0.830878669472
0.985071636109
0.953561767358
0.703236148682
0.821560965835
0.886434225028
0.955064622783
0.955164813145
0.868049293658
0.917593427512
0.947249774572
0.956517383028
0.990431820459
0.96558461076
0.976304979461
0.90026049494
0.856327021341
0.968389940888
0.916491333534
0.963129946899
0.855174832181
0.949604248071
0.744865243964
0.968289750526
0.747319907825
0.924356276926
0.945195872157
0.970844604749
0.913084861236
0.809888788699
0.808836789901
0.884029656347
0.98752629997
0.934525598637
0.862939585212
0.959472998698
0.867147580403
0.899812143072

90000
0.934475503457
0.797114517583
0.811892595932
0.830978859834
0.984771065024
0.953411481815
0.700531008917
0.824616771867
0.887486223825
0.954313195071
0.955816050496
0.872708145476
0.91689209498
0.949103296263
0.956918144475
0.990281534916
0.966987275824
0.977356978259
0.896302975654
0.857729686404
0.969191463781
0.917042380523
0.962779280633
0.855174832181
0.950906722773
0.743512674081
0.969191463781
0.74762047891
0.92455665765
0.945897204689
0.970644224026
0.91388638413
0.809538122433
0.809738503156
0.884730988879
0.987476204789
0.936278929967
0.862488728584
0.959372808336
0.865995391243
0.900142771265

100000
0.93467588418
0.798266706743
0.812092976656
0.83137962128
0.98577296864
0.954563670975
0.702184149885
0.823965534516
0.886334034666
0.954413385432
0.955866145677
0.867999198477
0.917342951608
0.948652439635
0.956417192666
0.990782486725
0.967087466186
0.977206692716
0.900460875664
0.858380923755
0.969191463781
0.917092475704
0.963430517984
0.856427211702
0.951207293858
0.746117623485
0.968991083058
0.749223524697
0.924456467288
0.944494539625
0.97089469993
0.914587716662
0.811491834486
0.809187456167
0.886985272017
0.987726680693
0.934926360084
0.863089870754
0.960124236048
0.867398056307
0.90052224226
