60000
0.934174932372
0.791453762148
0.811541929666
0.829526099589
0.982466686705
0.956266907124
0.699479010119
0.825869151388
0.884380322613
0.951658150486
0.954613766156
0.871505861136
0.916040476906
0.952259292656
0.958220619176
0.990031059012
0.966636609558
0.972147079451
0.902414587717
0.863490632201
0.967237751728
0.925909227532
0.96257889991
0.853271215309
0.955064622783
0.738753631901
0.963330327622
0.748472096984
0.923354373309
0.947450155295
0.97029355776
0.915589620279
0.80938783689
0.807985171826
0.883678990081
0.987376014427
0.937431119126
0.862087967138
0.959673379421
0.865895200882
0.89997495241

70000
0.936078549244
0.797364993488
0.813195070634
0.831680192365
0.981915639715
0.957118525198
0.701983769161
0.821560965835
0.891794409378
0.955665764953
0.955214908326
0.87586414187
0.917994188959
0.951257389039
0.958871856527
0.992135056608
0.967237751728
0.974551648131
0.902063921451
0.864392345456
0.970093177036
0.927512273319
0.962278328825
0.853972547841
0.955665764953
0.743362388538
0.967187656547
0.750876665665
0.922653040777
0.946498346859
0.971044985472
0.920799519086
0.810940787496
0.81234345256
0.885532511772
0.988327822863
0.938433022743
0.861837491233
0.960474902314
0.867999198477
0.901644374311

80000
0.936880072137
0.79571185252
0.813295260996
0.832581905621
0.982316401162
0.957318905921
0.701382626991
0.825618675483
0.89134355275
0.953411481815
0.955515479411
0.881975753932
0.917793808236
0.951808436028
0.959372808336
0.993387436129
0.967087466186
0.973599839695
0.902214206993
0.864793106903
0.971345556557
0.926660655245
0.961777377016
0.853722071937
0.95546538423
0.74226029456
0.966686704739
0.752930568079
0.923905420299
0.946348061317
0.9714958421
0.920198376916
0.811541929666
0.811441739305
0.886684700932
0.988478108406
0.939184450456
0.861887586414
0.960675283038
0.868951006913
0.901976254884

90000
0.936629596233
0.796964232041
0.816751828474
0.833683999599
0.982867448151
0.956417192666
0.702635006512
0.823364392345
0.891243362389
0.954363290251
0.955816050496
0.881274421401
0.918595331129
0.952459673379
0.95902214207
0.992435627693
0.96793908426
0.974351267408
0.905821060014
0.863741108105
0.97089469993
0.927011321511
0.962228233644
0.854172928564
0.957018334836
0.745616671676
0.966636609558
0.751527903016
0.924155896203
0.946849013125
0.971646127643
0.920498948001
0.812794309187
0.813245165815
0.885181845506
0.988227632502
0.938032261296
0.861887586414
0.960775473399
0.870003005711
0.902369502054

100000
0.936829976956
0.798867848913
0.815800020038
0.833583809238
0.983318304779
0.956767858932
0.703035767959
0.822512774271
0.89134355275
0.955866145677
0.955816050496
0.880422803326
0.91864542631
0.950856627592
0.958621380623
0.993437531309
0.967888989079
0.974802124036
0.905219917844
0.862388538223
0.971345556557
0.92636008416
0.961326520389
0.854373309288
0.956717763751
0.74286143673
0.966536419196
0.751227331931
0.923955515479
0.946648632402
0.972147079451
0.92044885282
0.81294459473
0.816902114017
0.886634605751
0.988578298768
0.938332832382
0.861887586414
0.961276425208
0.870353671977
0.902422101994

110000
0.936379120329
0.800921751328
0.818805730889
0.833884380323
0.984470493938
0.956817954113
0.703186053502
0.823865344154
0.890341649133
0.954213004709
0.956016431219
0.882927562369
0.918094379321
0.951407674582
0.958370904719
0.993337340948
0.968089369803
0.974952409578
0.905670774471
0.863841298467
0.971596032462
0.92636008416
0.961526901112
0.855224927362
0.956817954113
0.745366195772
0.965684801122
0.753231139164
0.924256086564
0.94654844204
0.971646127643
0.920599138363
0.813946498347
0.815649734496
0.887235747921
0.988277727683
0.939485021541
0.862138062318
0.960775473399
0.869652339445
0.902790301573
