50000
0.934225027552
0.797765754934
0.817603446548
0.833082857429
0.982516781886
0.955966336038
0.697074441439
0.824666867047
0.88838793708
0.952459673379
0.956918144475
0.887536319006
0.917142570885
0.949754533614
0.957569381825
0.993788197575
0.96613565775
0.971746318004
0.905169822663
0.86344053702
0.973700030057
0.927011321511
0.961226330027
0.852419597235
0.955515479411
0.741007915039
0.968640416792
0.749524095782
0.922953611863
0.94539625288
0.969241558962
0.919647329927
0.812193167017
0.812493738102
0.886283939485
0.988878869853
0.939935878169
0.862288347861
0.957519286645
0.87471195271
0.901838493137

60000
0.936128644424
0.80107203687
0.818354874261
0.836539424907
0.983468590322
0.956968239655
0.700330628194
0.82837391043
0.890942791303
0.956517383028
0.95721871556
0.881023945496
0.919046187757
0.950205390241
0.958921951708
0.994689910831
0.965183849314
0.976655645727
0.905320108206
0.862889490031
0.975002504759
0.933273219116
0.961877567378
0.854072738203
0.956216811943
0.744113816251
0.969391844505
0.749373810239
0.925458370905
0.946999298667
0.971044985472
0.921951708246
0.812644023645
0.814196974251
0.890191363591
0.989630297565
0.940537020339
0.862338443042
0.958220619176
0.875964332231
0.903308786695

70000
0.936178739605
0.801723274221
0.816250876666
0.838192565875
0.983769161407
0.957869952911
0.700531008917
0.828273720068
0.892896503356
0.957419096283
0.957369001102
0.880873659954
0.91864542631
0.950155295061
0.95902214207
0.994439434926
0.965484420399
0.977958120429
0.904568680493
0.86283939485
0.975753932472
0.931870554053
0.961877567378
0.85452359483
0.956817954113
0.745616671676
0.968991083058
0.751678188558
0.925608656447
0.947099489029
0.971596032462
0.920699328725
0.810640216411
0.807784791103
0.890441839495
0.989580202385
0.94239054203
0.862488728584
0.959122332432
0.875162809338
0.903355124737

80000
0.935978358882
0.80227432121
0.818755635708
0.838693517684
0.983719066226
0.958320809538
0.701482817353
0.826820959824
0.890391744314
0.958621380623
0.957569381825
0.882576896103
0.918745616672
0.949303676986
0.958821761347
0.994589720469
0.964532611963
0.977507263801
0.90496944194
0.863490632201
0.974802124036
0.932621981765
0.962128043282
0.855275022543
0.956817954113
0.745316100591
0.969091273419
0.751628093377
0.926259893798
0.947550345657
0.970744414387
0.921951708246
0.814297164613
0.818104398357
0.889840697325
0.990031059012
0.941538923956
0.862438633403
0.959272617974
0.877166616571
0.903851067027

90000
0.934976455265
0.803075844104
0.819757539325
0.838943993588
0.984119827673
0.958521190261
0.699679390843
0.82837391043
0.891844504559
0.957419096283
0.957769762549
0.881925658752
0.918695521491
0.949754533614
0.959072237251
0.993888387937
0.965384230037
0.976004408376
0.906822963631
0.862939585212
0.975303075844
0.932121029957
0.962178138463
0.855525498447
0.957118525198
0.745967337942
0.969091273419
0.750275523495
0.927311892596
0.94714958421
0.971395651738
0.921500851618
0.815499448953
0.816801923655
0.890992886484
0.989530107204
0.940537020339
0.862538823765
0.959673379421
0.879270614167
0.903968790702

100000
0.936429215509
0.804077747721
0.821110109207
0.839394850215
0.984420398758
0.958370904719
0.697525298066
0.828173529706
0.892094980463
0.957118525198
0.957619477006
0.882226229837
0.920148281735
0.950556056507
0.958671475804
0.995040577096
0.966235848111
0.975904218014
0.908776675684
0.862639014127
0.975453361387
0.93172026851
0.962729185452
0.85567578399
0.957168620379
0.745165815049
0.968790702334
0.751978759643
0.926410179341
0.948301773369
0.970744414387
0.920749423905
0.815699829676
0.816451257389
0.890942791303
0.989980963831
0.938282737201
0.862138062318
0.960074140868
0.879521090071
0.904112814347
