60000
0.930668269712
0.780482917543
0.801773369402
0.827422101994
0.982466686705
0.953962528805
0.696924155896
0.827422101994
0.882376515379
0.944845205891
0.955014527602
0.871455765955
0.910780482918
0.947951107103
0.958270714357
0.98872858431
0.966436228835
0.973950505961
0.895952309388
0.854974451458
0.967438132452
0.917192666066
0.962679090272
0.853571786394
0.949804628795
0.738753631901
0.965835086665
0.74226029456
0.924456467288
0.945546538423
0.96969241559
0.911832481715
0.806281935678
0.796513375413
0.878368900912
0.986724777076
0.936930167318
0.862188157499
0.956467287847
0.86283939485
0.897180893698

70000
0.933323314297
0.796112613967
0.80643222122
0.829275623685
0.982266305981
0.953712052901
0.699729486023
0.821911632101
0.885682797315
0.954463480613
0.954613766156
0.865143773169
0.913185051598
0.950055104699
0.957769762549
0.991183248172
0.966085562569
0.977707644525
0.902414587717
0.857028353872
0.967888989079
0.916341047991
0.962128043282
0.854473499649
0.952159102294
0.741508866847
0.967888989079
0.746568480112
0.926159703437
0.946999298667
0.971095080653
0.91328524196
0.809337741709
0.805530507965
0.880923755135
0.987025348162
0.936629596233
0.86223825268
0.958170523996
0.865143773169
0.899239805631

80000
0.933223123935
0.793908426009
0.808085362188
0.829175433323
0.982667067428
0.952810339645
0.699679390843
0.826570483919
0.884029656347
0.950856627592
0.954713956517
0.878469091273
0.913335337141
0.950856627592
0.958070333634
0.991133152991
0.965484420399
0.976655645727
0.901863540727
0.858180543032
0.970243462579
0.917142570885
0.962628995091
0.854022643022
0.952409578199
0.742761246368
0.968440036069
0.746818956016
0.926460274522
0.94775072638
0.970794509568
0.912834385332
0.810139264603
0.80462879471
0.881875563571
0.987275824066
0.937230738403
0.86223825268
0.958320809538
0.86639615269
0.899754533614

90000
0.933173028755
0.794760044084
0.811491834486
0.830077146578
0.982817352971
0.953611862539
0.699779581204
0.826520388739
0.885632702134
0.951708245667
0.95486424206
0.8729085262
0.913084861236
0.951107103497
0.958270714357
0.990882677086
0.966085562569
0.976405169823
0.904117823865
0.857529305681
0.969592225228
0.918244664863
0.962428614367
0.854473499649
0.951958721571
0.743362388538
0.968490131249
0.747119527101
0.927111511873
0.947650536018
0.971445746919
0.91328524196
0.810189359784
0.804478509167
0.882576896103
0.987726680693
0.936779881775
0.862388538223
0.958471095081
0.867047390041
0.899991233343

100000
0.933323314297
0.793006712754
0.80938783689
0.829175433323
0.983318304779
0.953261196273
0.6995291053
0.825518485122
0.8859833684
0.952109007114
0.955415289049
0.869902815349
0.914287145577
0.950956817954
0.958521190261
0.990932772267
0.965133754133
0.976805931269
0.901863540727
0.857028353872
0.970794509568
0.916140667268
0.962879470995
0.854423404468
0.951708245667
0.743562769262
0.968039274622
0.747319907825
0.927211702234
0.947400060114
0.971095080653
0.914738002204
0.809888788699
0.805780983869
0.882777276826
0.987275824066
0.93823264202
0.862588918946
0.958471095081
0.867949103296
0.89984345256

110000
0.933724075744
0.796864041679
0.809688407975
0.828924957419
0.984821160204
0.954012623986
0.700280533013
0.82246267909
0.886784891293
0.95366195772
0.955615669773
0.869552149083
0.914086764853
0.95010519988
0.95721871556
0.991734295161
0.965033563771
0.976154693918
0.904468490131
0.855775974351
0.969592225228
0.917743713055
0.962128043282
0.855124737
0.951557960124
0.744163911432
0.968139464983
0.74822162108
0.927311892596
0.947400060114
0.971245366196
0.914687907023
0.810289550145
0.806482316401
0.883779180443
0.98752629997
0.936579501052
0.862288347861
0.958821761347
0.86875062619
0.900070133253
